Frame	Grasper	Bipolar	Hook	Scissors	Clipper	Irrigator	SpecimenBag
0	1	0	1	0	0	0	0
25	1	0	1	0	0	0	0
50	1	0	1	0	0	0	0
75	1	0	1	0	0	0	0
100	1	0	1	0	0	0	0
125	1	0	1	0	0	0	0
150	1	0	1	0	0	0	0
175	1	0	1	0	0	0	0
200	1	0	1	0	0	0	0
225	1	0	1	0	0	0	0
250	1	0	1	0	0	0	0
275	1	0	1	0	0	0	0
300	1	0	1	0	0	0	0
325	1	0	1	0	0	0	0
350	1	0	1	0	0	0	0
375	1	0	1	0	0	0	0
400	1	0	1	0	0	0	0
425	1	0	1	0	0	0	0
450	1	0	1	0	0	0	0
475	1	0	1	0	0	0	0
500	1	0	1	0	0	0	0
525	1	0	1	0	0	0	0
550	1	0	1	0	0	0	0
575	1	0	1	0	0	0	0
600	1	0	1	0	0	0	0
625	1	0	1	0	0	0	0
650	1	0	1	0	0	0	0
675	1	0	1	0	0	0	0
700	1	0	1	0	0	0	0
725	1	0	1	0	0	0	0
750	1	0	1	0	0	0	0
775	1	0	1	0	0	0	0
800	1	0	1	0	0	0	0
825	1	0	0	0	0	0	0
850	1	0	1	0	0	0	0
875	1	0	1	0	0	0	0
900	1	0	1	0	0	0	0
925	1	0	1	0	0	0	0
950	1	0	1	0	0	0	0
975	1	0	1	0	0	0	0
1000	0	0	1	0	0	0	0
1025	1	0	0	0	0	0	0
1050	1	0	0	0	0	0	0
1075	1	0	0	0	0	0	0
1100	1	0	0	0	0	0	0
1125	1	0	0	0	0	0	0
1150	1	0	0	0	0	0	0
1175	1	0	1	0	0	0	0
1200	1	0	1	0	0	0	0
1225	1	0	1	0	0	0	0
1250	1	0	1	0	0	0	0
1275	1	0	1	0	0	0	0
1300	1	0	1	0	0	0	0
1325	1	0	1	0	0	0	0
1350	1	0	1	0	0	0	0
1375	1	0	1	0	0	0	0
1400	1	0	1	0	0	0	0
1425	1	0	1	0	0	0	0
1450	1	0	1	0	0	0	0
1475	1	0	1	0	0	0	0
1500	1	0	1	0	0	0	0
1525	1	0	1	0	0	0	0
1550	1	0	1	0	0	0	0
1575	1	0	1	0	0	0	0
1600	1	0	1	0	0	0	0
1625	1	0	1	0	0	0	0
1650	1	0	1	0	0	0	0
1675	1	0	1	0	0	0	0
1700	1	0	1	0	0	0	0
1725	1	0	1	0	0	0	0
1750	1	0	1	0	0	0	0
1775	1	0	1	0	0	0	0
1800	1	0	1	0	0	0	0
1825	1	0	1	0	0	0	0
1850	1	0	1	0	0	0	0
1875	1	0	1	0	0	0	0
1900	1	0	1	0	0	0	0
1925	1	0	1	0	0	0	0
1950	1	0	1	0	0	0	0
1975	1	0	1	0	0	0	0
2000	1	0	0	0	0	0	0
2025	1	0	0	0	0	0	0
2050	1	0	1	0	0	0	0
2075	1	0	1	0	0	0	0
2100	1	0	1	0	0	0	0
2125	1	0	0	0	0	0	0
2150	1	0	0	0	0	0	0
2175	0	0	0	0	0	0	0
2200	0	0	0	0	0	0	0
2225	0	0	0	0	0	0	0
2250	0	0	0	0	0	0	0
2275	0	0	0	0	0	0	0
2300	0	0	0	0	0	0	0
2325	0	0	0	0	0	0	0
2350	0	0	0	0	0	0	0
2375	0	0	0	0	0	0	0
2400	0	0	0	0	0	0	0
2425	0	0	0	0	0	0	0
2450	0	0	0	0	0	0	0
2475	0	0	0	0	0	0	0
2500	0	0	0	0	0	0	0
2525	0	0	0	0	0	0	0
2550	0	0	0	0	0	0	0
2575	0	0	0	0	0	0	0
2600	0	0	0	0	0	0	0
2625	0	0	0	0	0	0	0
2650	0	0	0	0	0	0	0
2675	0	0	0	0	0	0	0
2700	0	0	0	0	0	0	0
2725	0	0	0	0	0	0	0
2750	0	0	0	0	0	0	0
2775	0	0	0	0	0	0	0
2800	0	0	0	0	0	0	0
2825	0	0	0	0	0	0	0
2850	0	0	0	0	0	0	0
2875	0	0	0	0	0	0	0
2900	0	0	0	0	0	0	0
2925	0	0	0	0	0	0	0
2950	0	0	0	0	0	0	0
2975	0	0	0	0	0	0	0
3000	0	0	0	0	0	0	0
3025	0	0	0	0	0	0	0
3050	0	0	0	0	0	0	0
3075	0	0	0	0	0	0	0
3100	0	0	0	0	0	0	0
3125	0	0	0	0	0	0	0
3150	0	0	0	0	0	0	0
3175	0	0	0	0	0	0	0
3200	0	0	0	0	0	0	0
3225	0	0	0	0	0	0	0
3250	0	0	0	0	0	0	0
3275	0	0	0	0	0	0	0
3300	1	0	0	0	0	0	0
3325	1	0	0	0	0	0	0
3350	1	0	0	0	0	0	0
3375	1	0	0	0	0	0	0
3400	1	0	0	0	0	0	0
3425	1	0	0	0	0	0	0
3450	0	0	0	0	0	0	0
3475	0	0	0	0	0	0	0
3500	0	0	0	0	0	0	0
3525	0	0	0	0	0	0	0
3550	0	0	0	0	0	0	0
3575	0	0	0	0	0	0	0
3600	0	0	0	0	0	0	0
3625	0	0	0	0	0	0	0
3650	0	0	0	0	0	0	0
3675	0	0	0	0	0	0	0
3700	1	0	0	0	0	0	0
3725	0	0	0	0	0	0	0
3750	1	0	1	0	0	0	0
3775	1	0	0	0	0	0	0
3800	1	0	0	0	0	0	0
3825	1	0	1	0	0	0	0
3850	1	0	1	0	0	0	0
3875	1	0	1	0	0	0	0
3900	1	0	1	0	0	0	0
3925	1	0	1	0	0	0	0
3950	1	0	1	0	0	0	0
3975	1	0	1	0	0	0	0
4000	1	0	1	0	0	0	0
4025	1	0	1	0	0	0	0
4050	1	0	1	0	0	0	0
4075	1	0	1	0	0	0	0
4100	1	0	1	0	0	0	0
4125	1	0	1	0	0	0	0
4150	1	0	1	0	0	0	0
4175	1	0	1	0	0	0	0
4200	1	0	1	0	0	0	0
4225	1	0	1	0	0	0	0
4250	1	0	1	0	0	0	0
4275	1	0	0	0	0	0	0
4300	1	0	0	0	0	0	0
4325	1	0	0	0	0	0	0
4350	1	0	0	0	0	0	0
4375	1	0	0	0	0	0	0
4400	1	0	0	0	0	0	0
4425	1	0	0	0	0	0	0
4450	1	0	0	0	0	0	0
4475	1	0	0	0	0	0	0
4500	1	0	0	0	0	0	0
4525	1	0	1	0	0	0	0
4550	1	0	1	0	0	0	0
4575	1	0	1	0	0	0	0
4600	1	0	1	0	0	0	0
4625	1	0	1	0	0	0	0
4650	1	0	0	0	0	0	0
4675	1	0	1	0	0	0	0
4700	1	0	1	0	0	0	0
4725	1	0	1	0	0	0	0
4750	1	0	1	0	0	0	0
4775	1	0	1	0	0	0	0
4800	1	0	1	0	0	0	0
4825	1	0	1	0	0	0	0
4850	1	0	1	0	0	0	0
4875	1	0	1	0	0	0	0
4900	1	0	1	0	0	0	0
4925	1	0	1	0	0	0	0
4950	1	0	1	0	0	0	0
4975	1	0	1	0	0	0	0
5000	1	0	1	0	0	0	0
5025	1	0	1	0	0	0	0
5050	1	0	1	0	0	0	0
5075	1	0	1	0	0	0	0
5100	1	0	1	0	0	0	0
5125	1	0	1	0	0	0	0
5150	1	0	1	0	0	0	0
5175	1	0	1	0	0	0	0
5200	1	0	1	0	0	0	0
5225	0	0	1	0	0	0	0
5250	1	0	1	0	0	0	0
5275	1	0	1	0	0	0	0
5300	1	0	1	0	0	0	0
5325	1	0	1	0	0	0	0
5350	1	0	1	0	0	0	0
5375	1	0	1	0	0	0	0
5400	1	0	1	0	0	0	0
5425	1	0	1	0	0	0	0
5450	1	0	1	0	0	0	0
5475	1	0	1	0	0	0	0
5500	1	0	1	0	0	0	0
5525	1	0	1	0	0	0	0
5550	1	0	1	0	0	0	0
5575	1	0	1	0	0	0	0
5600	1	0	1	0	0	0	0
5625	1	0	1	0	0	0	0
5650	1	0	1	0	0	0	0
5675	1	0	1	0	0	0	0
5700	1	0	1	0	0	0	0
5725	1	0	1	0	0	0	0
5750	1	0	1	0	0	0	0
5775	1	0	1	0	0	0	0
5800	1	0	1	0	0	0	0
5825	1	0	1	0	0	0	0
5850	1	0	1	0	0	0	0
5875	1	0	1	0	0	0	0
5900	1	0	1	0	0	0	0
5925	1	0	1	0	0	0	0
5950	1	0	1	0	0	0	0
5975	1	0	1	0	0	0	0
6000	1	0	1	0	0	0	0
6025	1	0	1	0	0	0	0
6050	1	0	1	0	0	0	0
6075	1	0	1	0	0	0	0
6100	1	0	1	0	0	0	0
6125	1	0	1	0	0	0	0
6150	1	0	1	0	0	0	0
6175	1	0	0	0	0	0	0
6200	1	0	0	0	0	0	0
6225	1	0	0	0	0	0	0
6250	1	0	0	0	0	0	0
6275	1	0	0	0	0	0	0
6300	1	0	0	0	0	0	0
6325	1	0	0	0	0	0	0
6350	1	0	0	0	0	0	0
6375	1	0	0	0	0	0	0
6400	1	0	0	0	0	0	0
6425	1	0	0	0	0	0	0
6450	1	0	0	0	0	1	0
6475	1	0	0	0	0	1	0
6500	1	0	0	0	0	1	0
6525	1	0	0	0	0	1	0
6550	1	0	0	0	0	1	0
6575	1	0	0	0	0	1	0
6600	1	0	0	0	0	1	0
6625	1	0	0	0	0	1	0
6650	1	0	0	0	0	1	0
6675	1	0	0	0	0	1	0
6700	1	0	0	0	0	1	0
6725	1	0	0	0	0	1	0
6750	1	0	0	0	0	1	0
6775	1	0	0	0	0	1	0
6800	1	0	0	0	0	1	0
6825	1	0	0	0	0	1	0
6850	1	0	0	0	0	1	0
6875	1	0	0	0	0	1	0
6900	1	0	0	0	0	1	0
6925	1	0	0	0	0	1	0
6950	1	0	0	0	0	1	0
6975	1	0	0	0	0	0	0
7000	1	0	0	0	0	0	0
7025	1	0	0	0	0	0	0
7050	1	0	0	0	0	0	0
7075	1	0	0	0	0	0	0
7100	1	0	0	0	0	0	0
7125	1	0	0	0	0	0	0
7150	1	0	0	0	0	0	0
7175	1	0	0	0	0	0	0
7200	1	0	0	0	0	0	0
7225	1	1	0	0	0	0	0
7250	1	1	0	0	0	0	0
7275	1	1	0	0	0	0	0
7300	1	1	0	0	0	0	0
7325	1	1	0	0	0	0	0
7350	1	1	0	0	0	0	0
7375	1	1	0	0	0	0	0
7400	1	1	0	0	0	0	0
7425	1	1	0	0	0	0	0
7450	1	1	0	0	0	0	0
7475	1	1	0	0	0	0	0
7500	1	1	0	0	0	0	0
7525	1	1	0	0	0	0	0
7550	1	1	0	0	0	0	0
7575	1	1	0	0	0	0	0
7600	1	1	0	0	0	0	0
7625	1	0	0	0	0	0	0
7650	1	0	0	0	0	0	0
7675	1	0	0	0	0	0	0
7700	1	0	0	0	0	0	0
7725	0	1	0	0	0	0	0
7750	0	0	0	0	0	0	0
7775	0	1	0	0	0	0	0
7800	1	1	0	0	0	0	0
7825	0	1	0	0	0	0	0
7850	1	1	0	0	0	0	0
7875	1	1	0	0	0	0	0
7900	1	1	0	0	0	0	0
7925	1	1	0	0	0	0	0
7950	1	1	0	0	0	0	0
7975	1	1	0	0	0	0	0
8000	1	1	0	0	0	0	0
8025	1	1	0	0	0	0	0
8050	1	1	0	0	0	0	0
8075	1	1	0	0	0	0	0
8100	1	0	0	0	0	0	0
8125	1	0	0	0	0	0	0
8150	1	0	0	0	0	0	0
8175	1	0	0	0	0	0	0
8200	1	0	0	0	0	0	0
8225	1	0	0	0	0	0	0
8250	1	0	0	0	0	0	0
8275	1	0	0	0	0	0	0
8300	1	0	0	0	0	0	0
8325	1	0	0	0	0	0	0
8350	1	0	0	0	0	0	0
8375	1	0	0	0	0	0	0
8400	1	0	0	0	0	0	0
8425	1	0	0	0	0	0	0
8450	1	0	0	0	1	0	0
8475	1	0	0	0	1	0	0
8500	0	0	0	0	1	0	0
8525	0	0	0	0	1	0	0
8550	1	0	0	0	1	0	0
8575	0	0	0	0	1	0	0
8600	0	0	0	0	1	0	0
8625	0	0	0	0	1	0	0
8650	0	0	0	0	1	0	0
8675	0	0	0	0	1	0	0
8700	0	0	0	0	1	0	0
8725	0	0	0	0	1	0	0
8750	0	0	0	0	1	0	0
8775	0	0	0	0	1	0	0
8800	0	0	0	0	1	0	0
8825	0	0	0	0	1	0	0
8850	0	0	0	0	1	0	0
8875	1	0	0	0	1	0	0
8900	1	0	0	0	1	0	0
8925	1	0	0	0	1	0	0
8950	1	0	0	0	1	0	0
8975	1	0	0	0	1	0	0
9000	1	0	0	0	1	0	0
9025	0	0	0	0	1	0	0
9050	1	0	0	0	1	0	0
9075	1	0	0	0	1	0	0
9100	1	0	0	0	1	0	0
9125	1	0	0	0	1	0	0
9150	1	0	0	0	1	0	0
9175	1	0	0	0	1	0	0
9200	1	0	0	0	1	0	0
9225	1	0	0	0	1	0	0
9250	1	0	0	0	1	0	0
9275	0	0	0	0	1	0	0
9300	0	0	0	0	1	0	0
9325	0	0	0	0	1	0	0
9350	0	0	0	0	1	0	0
9375	1	0	0	0	1	0	0
9400	1	0	0	0	1	0	0
9425	1	0	0	0	1	0	0
9450	1	0	0	0	1	0	0
9475	1	0	0	0	1	0	0
9500	1	0	0	0	1	0	0
9525	0	0	0	0	1	0	0
9550	1	0	0	0	1	0	0
9575	1	0	0	0	1	0	0
9600	1	0	0	0	1	0	0
9625	1	0	0	0	1	0	0
9650	1	0	0	0	1	0	0
9675	1	0	0	0	1	0	0
9700	1	0	0	0	1	0	0
9725	1	0	0	0	1	0	0
9750	1	0	0	0	1	0	0
9775	1	0	0	0	1	0	0
9800	1	0	0	0	1	0	0
9825	1	0	0	0	1	0	0
9850	1	0	0	0	0	0	0
9875	1	0	0	0	0	0	0
9900	1	0	0	0	0	0	0
9925	1	0	0	0	0	0	0
9950	1	0	0	0	0	0	0
9975	1	0	0	0	0	0	0
10000	1	0	0	0	0	0	0
10025	1	0	0	0	0	0	0
10050	1	0	0	1	0	0	0
10075	1	0	0	1	0	0	0
10100	1	0	0	1	0	0	0
10125	1	0	0	1	0	0	0
10150	1	0	0	1	0	0	0
10175	1	0	0	1	0	0	0
10200	1	0	0	1	0	0	0
10225	1	0	0	1	0	0	0
10250	0	0	0	1	0	0	0
10275	0	0	0	1	0	0	0
10300	0	0	0	1	0	0	0
10325	0	0	0	1	0	0	0
10350	0	0	0	1	0	0	0
10375	0	0	0	1	0	0	0
10400	0	0	0	1	0	0	0
10425	0	0	0	1	0	0	0
10450	0	0	0	1	0	0	0
10475	0	0	0	1	0	0	0
10500	0	0	0	1	0	0	0
10525	0	0	0	1	0	0	0
10550	0	0	0	1	0	0	0
10575	0	0	0	1	0	0	0
10600	0	0	0	1	0	0	0
10625	0	0	0	1	0	0	0
10650	0	0	0	1	0	0	0
10675	0	0	0	1	0	0	0
10700	0	0	0	1	0	0	0
10725	0	0	0	0	0	0	0
10750	0	0	0	0	0	0	0
10775	1	0	0	0	0	0	0
10800	1	0	0	0	0	0	0
10825	0	0	0	0	0	0	0
10850	0	0	0	0	0	0	0
10875	0	0	0	0	0	0	0
10900	1	0	0	0	0	0	0
10925	1	0	0	0	0	0	0
10950	0	0	0	0	0	0	0
10975	0	0	1	0	0	0	0
11000	0	0	1	0	0	0	0
11025	0	0	1	0	0	0	0
11050	0	0	1	0	0	0	0
11075	0	0	1	0	0	0	0
11100	0	0	1	0	0	0	0
11125	0	0	1	0	0	0	0
11150	0	0	1	0	0	0	0
11175	1	0	1	0	0	0	0
11200	1	0	1	0	0	0	0
11225	1	0	1	0	0	0	0
11250	1	0	1	0	0	0	0
11275	0	0	1	0	0	0	0
11300	0	0	1	0	0	0	0
11325	0	0	1	0	0	0	0
11350	0	0	1	0	0	0	0
11375	0	0	1	0	0	0	0
11400	0	0	1	0	0	0	0
11425	0	0	1	0	0	0	0
11450	0	0	1	0	0	0	0
11475	0	0	0	0	0	0	0
11500	0	0	0	0	0	0	0
11525	0	0	0	0	0	0	0
11550	1	0	0	0	0	0	0
11575	0	0	0	0	0	0	0
11600	0	0	0	0	0	0	0
11625	0	0	0	0	0	0	0
11650	0	0	0	0	0	0	0
11675	0	0	0	0	0	0	0
11700	0	0	0	0	0	0	0
11725	0	0	0	0	0	0	0
11750	0	0	0	0	0	0	0
11775	0	0	0	0	0	0	0
11800	0	0	0	0	0	0	0
11825	0	0	0	0	0	0	0
11850	0	0	0	0	0	0	0
11875	1	0	0	0	0	0	0
11900	1	0	0	0	0	0	0
11925	1	0	0	0	0	0	0
11950	1	0	0	0	0	0	0
11975	1	0	0	0	0	0	0
12000	1	0	0	0	0	0	0
12025	1	0	0	0	0	0	0
12050	0	0	0	0	0	0	0
12075	0	0	0	0	0	0	0
12100	1	0	0	0	0	0	0
12125	0	0	0	0	0	0	0
12150	0	0	0	0	0	0	0
12175	0	0	0	0	0	0	0
12200	0	0	0	0	0	0	0
12225	0	0	0	0	0	0	0
12250	0	0	0	0	0	0	0
12275	0	0	0	0	0	0	0
12300	0	0	0	0	0	0	0
12325	1	0	0	0	0	0	0
12350	0	0	0	0	0	0	0
12375	0	0	0	0	0	0	0
12400	0	0	0	0	0	0	0
12425	0	0	0	0	0	0	0
12450	0	0	0	0	0	0	0
12475	0	0	0	0	0	0	0
12500	0	0	0	0	0	0	0
12525	0	0	0	0	0	0	0
12550	0	0	1	0	0	0	0
12575	0	0	1	0	0	0	0
12600	0	0	1	0	0	0	0
12625	0	0	0	0	0	0	0
12650	0	0	0	0	0	0	0
12675	0	0	0	0	0	0	0
12700	0	0	0	0	0	0	0
12725	0	0	0	0	0	0	0
12750	0	0	0	0	0	0	0
12775	0	0	0	0	0	0	0
12800	0	0	0	0	0	0	0
12825	0	0	0	0	0	0	0
12850	0	0	0	0	0	0	0
12875	0	0	0	0	0	0	0
12900	0	0	0	0	0	0	0
12925	0	0	0	0	0	0	0
12950	0	0	0	0	0	0	0
12975	0	0	0	0	0	0	0
13000	0	0	1	0	0	0	0
13025	0	0	1	0	0	0	0
13050	0	0	1	0	0	0	0
13075	0	0	1	0	0	0	0
13100	0	0	1	0	0	0	0
13125	0	0	1	0	0	0	0
13150	0	0	1	0	0	0	0
13175	0	0	1	0	0	0	0
13200	0	0	1	0	0	0	0
13225	0	0	1	0	0	0	0
13250	0	0	1	0	0	0	0
13275	0	0	1	0	0	0	0
13300	0	0	1	0	0	0	0
13325	0	0	0	0	0	0	0
13350	0	0	0	0	0	0	0
13375	0	0	0	0	0	0	0
13400	0	0	0	0	0	0	0
13425	0	0	0	0	0	0	0
13450	0	0	0	0	0	0	0
13475	0	0	0	0	0	0	0
13500	0	0	0	0	0	0	0
13525	0	0	0	0	0	0	0
13550	0	0	0	0	0	0	0
13575	0	0	0	0	0	0	0
13600	0	0	0	0	0	0	0
13625	0	0	0	0	0	0	0
13650	0	0	0	0	0	0	0
13675	0	0	0	0	0	0	0
13700	0	0	0	0	0	0	0
13725	0	0	0	0	0	0	0
13750	0	0	0	0	0	0	0
13775	0	0	0	0	1	0	0
13800	0	0	0	0	1	0	0
13825	0	0	0	0	1	0	0
13850	0	0	0	0	1	0	0
13875	0	0	0	0	1	0	0
13900	0	0	0	0	1	0	0
13925	0	0	0	0	1	0	0
13950	0	0	0	0	1	0	0
13975	0	0	0	0	1	0	0
14000	0	0	0	0	1	0	0
14025	0	0	0	0	1	0	0
14050	0	0	0	0	0	0	0
14075	0	0	0	0	0	0	0
14100	0	0	0	0	0	0	0
14125	0	0	0	0	0	0	0
14150	0	0	0	0	0	0	0
14175	0	0	0	0	0	0	0
14200	0	0	0	0	0	0	0
14225	0	0	0	0	0	0	0
14250	0	0	1	0	0	0	0
14275	0	0	1	0	0	0	0
14300	0	0	1	0	0	0	0
14325	0	0	1	0	0	0	0
14350	0	0	1	0	0	0	0
14375	0	0	1	0	0	0	0
14400	0	0	1	0	0	0	0
14425	0	0	1	0	0	0	0
14450	0	0	1	0	0	0	0
14475	0	0	1	0	0	0	0
14500	0	0	1	0	0	0	0
14525	0	0	1	0	0	0	0
14550	0	0	1	0	0	0	0
14575	0	0	1	0	0	0	0
14600	0	0	1	0	0	0	0
14625	0	0	1	0	0	0	0
14650	0	0	1	0	0	0	0
14675	0	0	1	0	0	0	0
14700	0	0	1	0	0	0	0
14725	0	0	1	0	0	0	0
14750	0	0	1	0	0	0	0
14775	0	0	1	0	0	0	0
14800	0	0	1	0	0	0	0
14825	0	0	1	0	0	0	0
14850	0	0	1	0	0	0	0
14875	0	0	1	0	0	0	0
14900	0	0	1	0	0	0	0
14925	0	0	1	0	0	0	0
14950	0	0	1	0	0	0	0
14975	0	0	1	0	0	0	0
15000	0	0	1	0	0	0	0
15025	0	0	1	0	0	0	0
15050	0	0	1	0	0	0	0
15075	0	0	1	0	0	0	0
15100	0	0	1	0	0	0	0
15125	0	0	1	0	0	0	0
15150	0	0	1	0	0	0	0
15175	0	0	1	0	0	0	0
15200	0	0	1	0	0	0	0
15225	0	0	1	0	0	0	0
15250	0	0	1	0	0	0	0
15275	0	0	1	0	0	0	0
15300	0	0	1	0	0	0	0
15325	0	0	0	0	0	0	0
15350	1	0	1	0	0	0	0
15375	1	0	1	0	0	0	0
15400	0	0	1	0	0	0	0
15425	0	0	1	0	0	0	0
15450	0	0	1	0	0	0	0
15475	0	0	1	0	0	0	0
15500	0	0	1	0	0	0	0
15525	0	0	1	0	0	0	0
15550	0	0	1	0	0	0	0
15575	0	0	1	0	0	0	0
15600	0	0	1	0	0	0	0
15625	1	0	1	0	0	0	0
15650	1	0	1	0	0	0	0
15675	1	0	1	0	0	0	0
15700	1	0	1	0	0	0	0
15725	0	0	0	0	0	0	0
15750	0	0	1	0	0	0	0
15775	0	0	1	0	0	0	0
15800	0	0	1	0	0	0	0
15825	0	0	1	0	0	0	0
15850	0	0	1	0	0	0	0
15875	0	0	1	0	0	0	0
15900	0	0	1	0	0	0	0
15925	0	0	1	0	0	0	0
15950	0	0	1	0	0	0	0
15975	0	0	1	0	0	0	0
16000	0	0	1	0	0	0	0
16025	0	0	1	0	0	0	0
16050	0	0	1	0	0	0	0
16075	0	0	1	0	0	0	0
16100	0	0	1	0	0	0	0
16125	0	0	1	0	0	0	0
16150	0	0	1	0	0	0	0
16175	0	0	1	0	0	0	0
16200	0	0	1	0	0	0	0
16225	0	0	1	0	0	0	0
16250	0	0	1	0	0	0	0
16275	0	0	1	0	0	0	0
16300	0	0	1	0	0	0	0
16325	0	0	1	0	0	0	0
16350	0	0	1	0	0	0	0
16375	0	0	1	0	0	0	0
16400	0	0	1	0	0	0	0
16425	0	0	1	0	0	0	0
16450	0	0	1	0	0	0	0
16475	0	0	1	0	0	0	0
16500	0	0	1	0	0	0	0
16525	0	0	1	0	0	0	0
16550	0	0	1	0	0	0	0
16575	0	0	1	0	0	0	0
16600	0	0	1	0	0	0	0
16625	0	0	1	0	0	0	0
16650	0	0	1	0	0	0	0
16675	1	0	0	0	0	0	0
16700	1	0	0	0	0	0	0
16725	1	0	0	0	0	0	0
16750	0	0	0	0	0	0	0
16775	0	0	0	0	0	0	0
16800	0	0	0	0	0	0	0
16825	0	0	0	0	0	0	0
16850	0	0	0	0	0	0	0
16875	0	0	0	0	0	0	0
16900	0	0	0	0	0	0	0
16925	0	0	0	0	0	0	0
16950	0	0	0	0	0	0	0
16975	0	0	0	0	0	0	0
17000	0	0	0	0	0	0	0
17025	0	0	0	0	0	0	0
17050	1	0	0	0	0	0	0
17075	1	0	0	0	0	0	0
17100	1	0	0	0	0	0	0
17125	0	0	0	0	0	0	0
17150	0	0	0	0	0	0	0
17175	0	0	0	0	0	0	0
17200	0	0	0	0	0	0	0
17225	0	0	0	0	0	0	0
17250	0	0	0	0	0	0	0
17275	0	0	0	0	0	0	0
17300	0	0	0	0	0	0	0
17325	0	0	0	0	0	0	0
17350	0	0	0	0	0	0	0
17375	0	0	0	0	0	0	0
17400	0	0	0	0	0	0	0
17425	0	0	0	0	0	0	0
17450	0	0	0	0	0	0	0
17475	0	0	0	0	0	0	0
17500	0	0	0	0	0	0	0
17525	0	0	0	0	0	0	0
17550	0	0	0	0	0	0	0
17575	0	0	0	0	0	0	0
17600	0	0	0	0	0	0	0
17625	0	0	0	0	0	0	0
17650	0	0	0	0	0	0	0
17675	0	0	0	0	0	0	0
17700	1	0	0	0	0	0	0
17725	1	0	0	0	0	0	0
17750	1	0	0	0	0	0	0
17775	1	0	0	0	0	0	0
17800	1	0	0	0	0	0	0
17825	1	0	0	0	0	0	0
17850	1	0	0	0	0	0	0
17875	1	0	0	0	0	0	0
17900	1	0	0	0	0	0	0
17925	1	0	0	0	0	0	0
17950	1	0	0	0	0	0	0
17975	1	0	0	0	0	0	0
18000	1	0	0	0	0	0	0
18025	1	0	0	0	0	0	0
18050	1	0	1	0	0	0	0
18075	1	0	1	0	0	0	0
18100	1	0	1	0	0	0	0
18125	1	0	1	0	0	0	0
18150	0	0	1	0	0	0	0
18175	0	0	1	0	0	0	0
18200	0	0	1	0	0	0	0
18225	0	0	1	0	0	0	0
18250	0	0	1	0	0	0	0
18275	0	0	1	0	0	0	0
18300	0	0	1	0	0	0	0
18325	0	0	1	0	0	0	0
18350	0	0	1	0	0	0	0
18375	0	0	1	0	0	0	0
18400	0	0	1	0	0	0	0
18425	0	0	1	0	0	0	0
18450	0	0	1	0	0	0	0
18475	0	0	1	0	0	0	0
18500	0	0	1	0	0	0	0
18525	0	0	1	0	0	0	0
18550	0	0	1	0	0	0	0
18575	1	0	1	0	0	0	0
18600	1	0	1	0	0	0	0
18625	1	0	1	0	0	0	0
18650	1	0	1	0	0	0	0
18675	1	0	1	0	0	0	0
18700	1	0	1	0	0	0	0
18725	1	0	1	0	0	0	0
18750	1	0	1	0	0	0	0
18775	1	0	1	0	0	0	0
18800	1	0	1	0	0	0	0
18825	1	0	1	0	0	0	0
18850	1	0	1	0	0	0	0
18875	1	0	1	0	0	0	0
18900	1	0	1	0	0	0	0
18925	1	0	1	0	0	0	0
18950	1	0	1	0	0	0	0
18975	1	0	1	0	0	0	0
19000	1	0	1	0	0	0	0
19025	1	0	1	0	0	0	0
19050	1	0	1	0	0	0	0
19075	0	0	1	0	0	0	0
19100	0	0	1	0	0	0	0
19125	0	0	1	0	0	0	0
19150	0	0	1	0	0	0	0
19175	0	0	1	0	0	0	0
19200	0	0	1	0	0	0	0
19225	0	0	1	0	0	0	0
19250	1	0	1	0	0	0	0
19275	1	0	1	0	0	0	0
19300	1	0	1	0	0	0	0
19325	1	0	1	0	0	0	0
19350	0	0	1	0	0	0	0
19375	0	0	1	0	0	0	0
19400	0	0	1	0	0	0	0
19425	0	0	1	0	0	0	0
19450	0	0	1	0	0	0	0
19475	1	0	1	0	0	0	0
19500	1	0	1	0	0	0	0
19525	1	0	1	0	0	0	0
19550	0	0	1	0	0	0	0
19575	1	0	1	0	0	0	0
19600	1	0	1	0	0	0	0
19625	1	0	1	0	0	0	0
19650	1	0	1	0	0	0	0
19675	1	0	1	0	0	0	0
19700	1	0	1	0	0	0	0
19725	1	0	1	0	0	0	0
19750	1	0	1	0	0	0	0
19775	1	0	1	0	0	0	0
19800	1	0	1	0	0	0	0
19825	1	0	1	0	0	0	0
19850	0	0	1	0	0	0	0
19875	0	0	1	0	0	0	0
19900	0	0	1	0	0	0	0
19925	0	0	1	0	0	0	0
19950	0	0	1	0	0	0	0
19975	0	0	1	0	0	0	0
20000	1	0	1	0	0	0	0
20025	1	0	1	0	0	0	0
20050	1	0	1	0	0	0	0
20075	1	0	1	0	0	0	0
20100	1	0	1	0	0	0	0
20125	1	0	1	0	0	0	0
20150	1	0	1	0	0	0	0
20175	1	0	1	0	0	0	0
20200	0	0	1	0	0	0	0
20225	0	0	1	0	0	0	0
20250	0	0	1	0	0	0	0
20275	0	0	1	0	0	0	0
20300	1	0	1	0	0	0	0
20325	1	0	1	0	0	0	0
20350	1	0	1	0	0	0	0
20375	1	0	1	0	0	0	0
20400	1	0	1	0	0	0	0
20425	1	0	1	0	0	0	0
20450	1	0	1	0	0	0	0
20475	1	0	1	0	0	0	0
20500	1	0	1	0	0	0	0
20525	1	0	1	0	0	0	0
20550	1	0	1	0	0	0	0
20575	1	0	1	0	0	0	0
20600	1	0	1	0	0	0	0
20625	1	0	1	0	0	0	0
20650	1	0	1	0	0	0	0
20675	1	0	1	0	0	0	0
20700	1	0	1	0	0	0	0
20725	1	0	1	0	0	0	0
20750	1	0	1	0	0	0	0
20775	1	0	1	0	0	0	0
20800	1	0	1	0	0	0	0
20825	1	0	1	0	0	0	0
20850	1	0	1	0	0	0	0
20875	1	0	1	0	0	0	0
20900	1	0	1	0	0	0	0
20925	1	0	1	0	0	0	0
20950	1	0	1	0	0	0	0
20975	1	0	1	0	0	0	0
21000	1	0	1	0	0	0	0
21025	1	0	1	0	0	0	0
21050	1	0	1	0	0	0	0
21075	1	0	1	0	0	0	0
21100	1	0	1	0	0	0	0
21125	1	0	1	0	0	0	0
21150	1	0	1	0	0	0	0
21175	1	0	1	0	0	0	0
21200	1	0	1	0	0	0	0
21225	1	0	1	0	0	0	0
21250	1	0	1	0	0	0	0
21275	1	0	1	0	0	0	0
21300	1	0	1	0	0	0	0
21325	1	0	1	0	0	0	0
21350	1	0	1	0	0	0	0
21375	1	0	1	0	0	0	0
21400	1	0	1	0	0	0	0
21425	1	0	1	0	0	0	0
21450	1	0	1	0	0	0	0
21475	1	0	1	0	0	0	0
21500	1	0	1	0	0	0	0
21525	1	0	1	0	0	0	0
21550	1	0	1	0	0	0	0
21575	1	0	1	0	0	0	0
21600	1	0	1	0	0	0	0
21625	1	0	1	0	0	0	0
21650	1	0	1	0	0	0	0
21675	1	0	1	0	0	0	0
21700	1	0	1	0	0	0	0
21725	1	0	0	0	0	0	0
21750	1	0	0	0	0	0	0
21775	1	0	0	0	0	0	0
21800	1	0	0	0	0	0	0
21825	1	0	0	0	0	0	0
21850	1	0	0	0	0	0	0
21875	1	0	0	0	0	0	0
21900	1	0	0	0	0	0	0
21925	1	0	0	0	0	0	0
21950	0	0	0	0	0	0	0
21975	0	0	0	0	0	0	0
22000	1	0	0	0	1	0	0
22025	1	0	0	0	1	0	0
22050	1	0	0	0	1	0	0
22075	1	0	0	0	1	0	0
22100	1	0	0	0	1	0	0
22125	1	0	0	0	1	0	0
22150	1	0	0	0	1	0	0
22175	1	0	0	0	1	0	0
22200	1	0	0	0	1	0	0
22225	1	0	0	0	1	0	0
22250	1	0	0	0	1	0	0
22275	1	0	0	0	1	0	0
22300	1	0	0	0	1	0	0
22325	1	0	0	0	0	0	0
22350	1	0	0	0	0	0	0
22375	1	0	0	0	0	0	0
22400	1	0	0	0	0	0	0
22425	1	0	0	0	0	0	0
22450	1	0	0	0	0	0	0
22475	1	0	0	0	0	0	0
22500	1	0	0	0	0	0	0
22525	1	0	0	0	0	0	0
22550	1	0	0	0	0	0	0
22575	1	0	0	0	0	0	0
22600	1	0	0	0	0	0	0
22625	1	0	0	0	0	0	0
22650	1	0	0	0	0	0	0
22675	1	0	0	0	0	0	0
22700	1	0	0	0	0	0	0
22725	1	0	0	0	0	0	0
22750	1	0	0	0	0	0	0
22775	0	0	0	0	0	0	0
22800	0	0	0	0	0	0	0
22825	0	0	1	0	0	0	0
22850	0	0	1	0	0	0	0
22875	0	0	1	0	0	0	0
22900	0	0	1	0	0	0	0
22925	0	0	1	0	0	0	0
22950	0	0	1	0	0	0	0
22975	0	0	1	0	0	0	0
23000	0	0	1	0	0	0	0
23025	0	0	1	0	0	0	0
23050	0	0	1	0	0	0	0
23075	0	0	1	0	0	0	0
23100	1	0	1	0	0	0	0
23125	1	0	1	0	0	0	0
23150	1	0	1	0	0	0	0
23175	1	0	0	0	0	0	0
23200	0	0	0	0	0	0	0
23225	0	0	0	0	0	0	0
23250	0	0	0	0	0	0	0
23275	0	0	0	0	0	0	0
23300	0	0	0	0	0	0	0
23325	0	0	0	0	0	0	0
23350	0	0	0	0	0	0	0
23375	0	0	0	0	0	0	0
23400	0	0	0	0	0	0	0
23425	0	0	0	0	0	0	0
23450	0	0	0	0	0	0	0
23475	0	0	0	0	0	0	0
23500	0	0	0	0	0	0	0
23525	0	0	0	0	0	0	0
23550	0	0	0	0	0	0	0
23575	0	0	0	0	0	0	0
23600	0	0	0	0	0	0	0
23625	0	0	0	0	0	0	0
23650	1	0	0	0	0	0	0
23675	1	0	0	0	0	0	0
23700	1	0	0	0	0	0	0
23725	1	0	0	0	0	0	0
23750	1	0	0	0	0	0	0
23775	1	0	0	0	0	0	0
23800	1	0	0	0	0	0	0
23825	0	0	0	0	0	0	0
23850	1	0	0	0	0	0	0
23875	1	0	0	0	0	0	0
23900	1	0	0	0	0	0	0
23925	1	0	0	0	0	0	0
23950	1	0	0	0	0	0	0
23975	1	0	0	0	0	0	0
24000	1	0	0	0	0	0	0
24025	1	0	0	0	0	0	0
24050	1	0	0	0	0	0	0
24075	1	0	0	0	0	0	0
24100	1	0	0	0	0	0	0
24125	1	0	0	0	0	0	0
24150	1	0	0	0	0	0	0
24175	1	0	0	0	0	0	0
24200	1	0	0	0	0	0	0
24225	1	0	0	0	0	0	0
24250	1	0	0	0	0	0	0
24275	1	0	0	0	0	0	0
24300	1	0	1	0	0	0	0
24325	1	0	1	0	0	0	0
24350	1	0	1	0	0	0	0
24375	1	0	1	0	0	0	0
24400	1	0	1	0	0	0	0
24425	1	0	1	0	0	0	0
24450	1	0	1	0	0	0	0
24475	1	0	1	0	0	0	0
24500	1	0	1	0	0	0	0
24525	1	0	1	0	0	0	0
24550	1	0	1	0	0	0	0
24575	1	0	1	0	0	0	0
24600	1	0	1	0	0	0	0
24625	1	0	1	0	0	0	0
24650	1	0	1	0	0	0	0
24675	1	0	1	0	0	0	0
24700	0	0	1	0	0	0	0
24725	1	0	1	0	0	0	0
24750	1	0	1	0	0	0	0
24775	1	0	1	0	0	0	0
24800	1	0	1	0	0	0	0
24825	1	0	1	0	0	0	0
24850	1	0	1	0	0	0	0
24875	1	0	1	0	0	0	0
24900	1	0	1	0	0	0	0
24925	1	0	1	0	0	0	0
24950	1	0	1	0	0	0	0
24975	1	0	1	0	0	0	0
25000	1	0	1	0	0	0	0
25025	1	0	1	0	0	0	0
25050	1	0	1	0	0	0	0
25075	1	0	1	0	0	0	0
25100	1	0	1	0	0	0	0
25125	1	0	1	0	0	0	0
25150	1	0	1	0	0	0	0
25175	1	0	1	0	0	0	0
25200	1	0	1	0	0	0	0
25225	1	0	0	0	0	0	0
25250	1	0	0	0	0	0	0
25275	1	0	0	0	0	0	0
25300	1	0	0	0	0	0	0
25325	1	0	0	0	0	0	0
25350	1	0	0	0	0	0	0
25375	1	0	0	0	0	0	0
25400	1	0	0	0	0	0	0
25425	1	0	0	0	0	0	0
25450	0	0	0	0	0	0	0
25475	0	0	0	0	0	0	0
25500	0	0	0	0	0	0	0
25525	0	0	0	0	0	0	0
25550	0	0	0	0	0	0	0
25575	0	0	0	0	0	0	0
25600	0	0	0	0	0	0	0
25625	0	0	0	0	0	0	0
25650	0	0	0	0	0	0	0
25675	0	0	0	0	0	0	0
25700	0	0	0	0	0	0	0
25725	0	0	0	0	0	0	0
25750	0	0	0	0	0	0	0
25775	0	0	0	0	0	0	0
25800	0	0	0	0	0	0	1
25825	0	0	0	0	0	0	1
25850	1	0	0	0	0	0	1
25875	1	0	0	0	0	0	1
25900	1	0	0	0	0	0	1
25925	1	0	0	0	0	0	1
25950	1	0	0	0	0	0	1
25975	1	0	0	0	0	0	1
26000	1	0	0	0	0	0	1
26025	1	0	0	0	0	0	1
26050	1	0	0	0	0	0	1
26075	1	0	0	0	0	0	1
26100	1	0	0	0	0	0	1
26125	1	0	0	0	0	0	1
26150	1	0	0	0	0	0	1
26175	1	0	0	0	0	0	1
26200	1	0	0	0	0	0	1
26225	1	0	0	0	0	0	1
26250	1	0	0	0	0	0	1
26275	1	0	0	0	0	0	1
26300	1	0	0	0	0	0	1
26325	1	0	0	0	0	0	1
26350	1	0	0	0	0	0	1
26375	1	0	0	0	0	0	1
26400	1	0	0	0	0	0	1
26425	1	0	0	0	0	0	1
26450	1	0	0	0	0	0	1
26475	1	0	0	0	0	0	1
26500	1	0	0	0	0	0	1
26525	1	0	0	0	0	0	1
26550	1	0	0	0	0	0	1
26575	1	0	0	0	0	0	1
26600	1	0	0	0	0	0	1
26625	1	0	0	0	0	0	1
26650	1	0	0	0	0	0	1
26675	1	0	0	0	0	0	1
26700	1	0	0	0	0	0	1
26725	1	0	0	0	0	0	1
26750	1	0	0	0	0	0	1
26775	1	0	0	0	0	0	1
26800	1	0	0	0	0	0	1
26825	1	0	0	0	0	0	1
26850	1	0	0	0	0	0	1
26875	1	0	0	0	0	0	1
26900	1	0	0	0	0	0	1
26925	1	0	0	0	0	0	1
26950	1	0	0	0	0	0	1
26975	1	0	0	0	0	0	1
27000	1	0	0	0	0	0	1
27025	1	0	0	0	0	0	1
27050	1	0	0	0	0	0	1
27075	1	0	0	0	0	0	1
27100	1	0	0	0	0	0	1
27125	1	0	0	0	0	0	1
27150	1	0	0	0	0	0	1
27175	1	0	0	0	0	0	1
27200	1	0	0	0	0	0	1
27225	1	0	0	0	0	0	1
27250	1	0	0	0	0	0	1
27275	1	0	0	0	0	0	1
27300	1	0	0	0	0	0	1
27325	1	0	0	0	0	0	1
27350	1	0	0	0	0	0	0
27375	1	0	0	0	0	0	0
27400	1	0	0	0	0	1	0
27425	0	0	0	0	0	1	0
27450	1	0	0	0	0	1	0
27475	1	0	0	0	0	1	0
27500	1	0	0	0	0	1	0
27525	1	0	0	0	0	1	0
27550	1	0	0	0	0	1	0
27575	1	0	0	0	0	1	0
27600	1	0	0	0	0	1	0
27625	1	0	0	0	0	1	0
27650	1	0	0	0	0	1	0
27675	1	0	0	0	0	1	0
27700	0	0	0	0	0	1	0
27725	0	0	0	0	0	1	0
27750	1	0	0	0	0	1	0
27775	1	0	0	0	0	1	0
27800	1	0	0	0	0	1	0
27825	1	0	0	0	0	1	0
27850	1	0	0	0	0	1	0
27875	1	0	0	0	0	1	0
27900	1	0	0	0	0	1	0
27925	1	0	0	0	0	1	0
27950	1	0	0	0	0	1	0
27975	1	0	0	0	0	1	0
28000	1	0	0	0	0	1	0
28025	1	0	0	0	0	1	0
28050	1	0	0	0	0	1	0
28075	1	0	0	0	0	1	0
28100	1	0	0	0	0	1	0
28125	1	0	0	0	0	1	0
28150	1	0	0	0	0	0	0
28175	1	0	0	0	0	1	0
28200	1	0	0	0	0	1	0
28225	1	0	0	0	0	1	0
28250	1	0	0	0	0	1	0
28275	1	0	0	0	0	1	0
28300	1	0	0	0	0	1	0
28325	1	0	0	0	0	1	0
28350	1	0	0	0	0	1	0
28375	1	0	0	0	0	1	0
28400	0	0	0	0	0	1	0
28425	0	0	0	0	0	1	0
28450	0	0	0	0	0	1	0
28475	0	0	0	0	0	1	0
28500	0	0	0	0	0	1	0
28525	0	0	0	0	0	1	0
28550	1	0	0	0	0	1	0
28575	1	0	0	0	0	0	0
28600	1	0	0	0	0	0	0
28625	1	0	0	0	0	0	0
28650	1	0	0	0	0	0	0
28675	1	0	0	0	0	0	0
28700	1	0	0	0	0	0	0
28725	1	0	0	0	0	0	0
28750	1	0	0	0	0	0	1
28775	1	0	0	0	0	0	1
28800	1	0	0	0	0	1	1
28825	1	0	0	0	0	1	1
28850	1	0	0	0	0	1	1
28875	1	0	0	0	0	1	1
28900	1	0	0	0	0	1	1
28925	1	0	0	0	0	1	1
28950	1	0	0	0	0	1	1
28975	1	0	0	0	0	1	1
29000	1	0	0	0	0	1	1
29025	1	0	0	0	0	1	1
29050	1	0	0	0	0	1	1
29075	1	0	0	0	0	1	1
29100	1	0	0	0	0	1	1
29125	1	0	0	0	0	1	1
29150	1	0	0	0	0	1	1
29175	1	0	0	0	0	1	1
29200	1	0	0	0	0	1	1
29225	1	0	0	0	0	1	1
29250	1	0	0	0	0	1	1
29275	1	0	0	0	0	1	1
29300	1	0	0	0	0	1	1
29325	1	0	0	0	0	1	1
29350	1	0	0	0	0	1	1
29375	1	0	0	0	0	1	1
29400	1	0	0	0	0	1	1
29425	1	0	0	0	0	1	1
29450	1	0	0	0	0	1	1
29475	1	0	0	0	0	1	1
29500	1	0	0	0	0	1	1
29525	1	0	0	0	0	1	1
29550	1	0	0	0	0	1	1
29575	1	0	0	0	0	1	1
29600	1	0	0	0	0	1	1
29625	1	0	0	0	0	1	1
29650	1	0	0	0	0	1	1
29675	1	0	0	0	0	1	1
29700	1	0	0	0	0	1	1
29725	1	0	0	0	0	1	1
29750	1	0	0	0	0	1	1
29775	1	0	0	0	0	1	1
29800	1	0	0	0	0	1	1
29825	1	0	0	0	0	1	1
29850	1	0	0	0	0	1	1
29875	1	0	0	0	0	0	1
29900	1	0	0	0	0	1	1
29925	1	0	0	0	0	1	1
29950	1	0	0	0	0	1	1
29975	0	0	0	0	0	1	1
30000	1	0	0	0	0	1	1
30025	1	0	0	0	0	1	1
30050	1	0	0	0	0	1	1
30075	1	0	0	0	0	1	1
30100	1	0	0	0	0	1	0
30125	1	0	0	0	0	1	0
30150	1	0	0	0	0	1	0
30175	1	0	0	0	0	1	0
30200	1	0	0	0	0	1	0
30225	1	0	0	0	0	1	0
30250	1	0	0	0	0	1	0
30275	1	0	0	0	0	1	0
30300	1	0	0	0	0	1	0
30325	1	0	0	0	0	1	0
30350	1	0	0	0	0	1	0
30375	1	0	0	0	0	1	0
30400	1	0	0	0	0	1	0
30425	1	0	0	0	0	1	0
30450	1	0	0	0	0	1	0
30475	1	0	0	0	0	1	0
30500	1	0	0	0	0	1	0
30525	1	0	0	0	0	1	0
30550	1	0	0	0	0	1	0
30575	1	0	0	0	0	1	0
30600	1	0	0	0	0	1	0
30625	1	0	0	0	0	1	0
30650	1	0	0	0	0	1	0
30675	1	0	0	0	0	1	0
30700	1	0	0	0	0	1	0
30725	1	0	0	0	0	1	0
30750	1	0	0	0	0	1	0
30775	1	0	0	0	0	1	0
30800	1	0	0	0	0	1	0
30825	1	0	0	0	0	1	0
30850	1	0	0	0	0	1	0
30875	1	0	0	0	0	1	0
30900	1	0	0	0	0	1	0
30925	1	0	0	0	0	1	0
30950	1	0	0	0	0	1	0
30975	1	0	0	0	0	1	0
31000	1	0	0	0	0	0	0
31025	1	0	0	0	0	0	1
31050	1	0	0	0	0	0	1
31075	1	0	0	0	0	0	1
31100	1	0	0	0	0	0	1
31125	1	0	0	0	0	0	1
31150	1	0	0	0	0	1	1
31175	1	0	0	0	0	1	1
31200	1	0	0	0	0	1	1
31225	1	0	0	0	0	1	1
31250	1	0	0	0	0	0	1
31275	1	0	0	0	0	0	1
31300	1	0	0	0	0	0	1
31325	1	0	0	0	0	0	1
31350	1	0	0	0	0	0	1
31375	1	0	0	0	0	0	1
31400	0	0	0	0	0	0	1
31425	1	0	0	0	0	0	1
31450	1	0	0	0	0	0	1
31475	1	0	0	0	0	0	1
31500	1	0	0	0	0	0	1
31525	1	0	0	0	0	0	1
31550	1	0	0	0	0	0	1
31575	1	0	0	0	0	0	1
31600	1	0	0	0	0	0	1
31625	1	0	0	0	0	0	1
31650	1	0	0	0	0	0	1
31675	1	0	0	0	0	0	1
31700	1	0	0	0	0	0	1
31725	1	0	0	0	0	0	1
31750	0	0	0	0	0	0	1
31775	0	0	0	0	0	0	1
31800	0	0	0	0	0	0	1
31825	1	0	0	0	0	0	0
31850	1	0	0	0	0	0	0
31875	1	0	0	0	0	0	0
31900	1	0	0	0	0	0	0
31925	1	0	0	0	0	0	0
31950	1	0	0	0	0	0	0
31975	1	0	0	0	0	0	0
32000	1	0	0	0	0	0	0
32025	1	0	0	0	0	0	0
32050	1	0	0	0	0	0	0
32075	0	0	0	0	0	0	0
32100	0	0	0	0	0	0	0
32125	0	0	0	0	0	0	0
32150	0	0	0	0	0	0	0
32175	0	0	0	0	0	0	0
32200	1	0	0	0	0	0	0
32225	1	0	0	0	0	0	0
32250	1	0	0	0	0	0	0
32275	1	0	0	0	0	0	0
32300	1	0	0	0	0	0	0
32325	1	0	0	0	0	0	0
32350	1	0	0	0	0	0	0
32375	0	0	0	0	0	0	0
32400	0	0	0	0	0	0	0
32425	0	0	0	0	0	0	0
32450	0	0	0	0	0	0	1
32475	1	0	0	0	0	0	1
32500	1	0	0	0	0	0	1
32525	1	0	0	0	0	0	1
32550	0	0	0	0	0	0	0
32575	0	0	0	0	0	0	0
32600	0	0	0	0	0	0	0
32625	0	0	0	0	0	0	0
32650	0	0	0	0	0	0	0
