Frame	Grasper	Bipolar	Hook	Scissors	Clipper	Irrigator	SpecimenBag
0	1	0	0	0	0	0	0
25	1	0	0	0	0	0	0
50	1	0	0	0	0	0	0
75	1	0	0	0	0	0	0
100	1	0	0	0	0	0	0
125	1	0	0	0	0	0	0
150	1	0	0	0	0	0	0
175	1	0	0	0	0	0	0
200	1	0	0	0	0	0	0
225	1	0	0	0	0	0	0
250	1	0	1	0	0	0	0
275	1	0	1	0	0	0	0
300	1	0	1	0	0	0	0
325	1	0	1	0	0	0	0
350	1	0	1	0	0	0	0
375	1	0	1	0	0	0	0
400	1	0	1	0	0	0	0
425	1	0	1	0	0	0	0
450	1	0	1	0	0	0	0
475	1	0	1	0	0	0	0
500	1	0	1	0	0	0	0
525	1	0	1	0	0	0	0
550	1	0	1	0	0	0	0
575	1	0	1	0	0	0	0
600	1	0	1	0	0	0	0
625	1	0	1	0	0	0	0
650	1	0	1	0	0	0	0
675	1	0	1	0	0	0	0
700	1	0	1	0	0	0	0
725	1	0	1	0	0	0	0
750	1	0	1	0	0	0	0
775	1	0	1	0	0	0	0
800	1	0	1	0	0	0	0
825	1	0	1	0	0	0	0
850	1	0	1	0	0	0	0
875	1	0	1	0	0	0	0
900	1	0	1	0	0	0	0
925	1	0	1	0	0	0	0
950	1	0	1	0	0	0	0
975	1	0	1	0	0	0	0
1000	1	0	1	0	0	0	0
1025	1	0	1	0	0	0	0
1050	1	0	1	0	0	0	0
1075	1	0	1	0	0	0	0
1100	1	0	1	0	0	0	0
1125	1	0	1	0	0	0	0
1150	1	0	1	0	0	0	0
1175	1	0	1	0	0	0	0
1200	1	0	1	0	0	0	0
1225	1	0	1	0	0	0	0
1250	1	0	1	0	0	0	0
1275	1	0	1	0	0	0	0
1300	1	0	1	0	0	0	0
1325	1	0	1	0	0	0	0
1350	1	0	1	0	0	0	0
1375	1	0	1	0	0	0	0
1400	1	0	1	0	0	0	0
1425	1	0	1	0	0	0	0
1450	1	0	1	0	0	0	0
1475	1	0	1	0	0	0	0
1500	1	0	1	0	0	0	0
1525	1	0	1	0	0	0	0
1550	1	0	1	0	0	0	0
1575	1	0	1	0	0	0	0
1600	1	0	1	0	0	0	0
1625	1	0	1	0	0	0	0
1650	1	0	1	0	0	0	0
1675	1	0	1	0	0	0	0
1700	1	0	1	0	0	0	0
1725	1	0	1	0	0	0	0
1750	1	0	1	0	0	0	0
1775	1	0	1	0	0	0	0
1800	1	0	1	0	0	0	0
1825	1	0	1	0	0	0	0
1850	1	0	1	0	0	0	0
1875	1	0	1	0	0	0	0
1900	1	0	1	0	0	0	0
1925	1	0	1	0	0	0	0
1950	1	0	1	0	0	0	0
1975	1	0	1	0	0	0	0
2000	1	0	1	0	0	0	0
2025	1	0	1	0	0	0	0
2050	1	0	1	0	0	0	0
2075	1	0	1	0	0	0	0
2100	1	0	1	0	0	0	0
2125	1	0	1	0	0	0	0
2150	0	0	1	0	0	0	0
2175	0	0	1	0	0	0	0
2200	0	0	1	0	0	0	0
2225	0	0	1	0	0	0	0
2250	0	0	1	0	0	0	0
2275	1	0	1	0	0	0	0
2300	1	0	1	0	0	0	0
2325	1	0	1	0	0	0	0
2350	1	0	1	0	0	0	0
2375	1	0	1	0	0	0	0
2400	1	0	1	0	0	0	0
2425	1	0	1	0	0	0	0
2450	1	0	1	0	0	0	0
2475	1	0	1	0	0	0	0
2500	1	0	1	0	0	0	0
2525	1	0	1	0	0	0	0
2550	1	0	1	0	0	0	0
2575	1	0	1	0	0	0	0
2600	1	0	1	0	0	0	0
2625	1	0	1	0	0	0	0
2650	1	0	1	0	0	0	0
2675	1	0	1	0	0	0	0
2700	1	0	1	0	0	0	0
2725	1	0	1	0	0	0	0
2750	0	0	1	0	0	0	0
2775	0	0	1	0	0	0	0
2800	1	0	1	0	0	0	0
2825	1	0	1	0	0	0	0
2850	1	0	1	0	0	0	0
2875	1	0	1	0	0	0	0
2900	1	0	1	0	0	0	0
2925	1	0	1	0	0	0	0
2950	1	0	1	0	0	0	0
2975	1	0	1	0	0	0	0
3000	1	0	1	0	0	0	0
3025	1	0	1	0	0	0	0
3050	1	0	1	0	0	0	0
3075	1	0	1	0	0	0	0
3100	1	0	1	0	0	0	0
3125	1	0	1	0	0	0	0
3150	1	0	1	0	0	0	0
3175	1	0	1	0	0	0	0
3200	1	0	1	0	0	0	0
3225	1	0	1	0	0	0	0
3250	1	0	1	0	0	0	0
3275	1	0	1	0	0	0	0
3300	1	0	1	0	0	0	0
3325	1	0	1	0	0	0	0
3350	1	0	1	0	0	0	0
3375	1	0	1	0	0	0	0
3400	1	0	1	0	0	0	0
3425	1	0	1	0	0	0	0
3450	1	0	1	0	0	0	0
3475	1	0	1	0	0	0	0
3500	1	0	1	0	0	0	0
3525	1	0	1	0	0	0	0
3550	1	0	1	0	0	0	0
3575	1	0	1	0	0	0	0
3600	1	0	1	0	0	0	0
3625	1	0	1	0	0	0	0
3650	1	0	1	0	0	0	0
3675	1	0	1	0	0	0	0
3700	1	0	1	0	0	0	0
3725	1	0	1	0	0	0	0
3750	1	0	1	0	0	0	0
3775	1	0	1	0	0	0	0
3800	1	0	1	0	0	0	0
3825	1	0	1	0	0	0	0
3850	1	0	1	0	0	0	0
3875	1	0	1	0	0	0	0
3900	1	0	1	0	0	0	0
3925	1	0	1	0	0	0	0
3950	1	0	1	0	0	0	0
3975	1	0	1	0	0	0	0
4000	1	0	1	0	0	0	0
4025	1	0	1	0	0	0	0
4050	1	0	1	0	0	0	0
4075	1	0	1	0	0	0	0
4100	1	0	1	0	0	0	0
4125	0	0	1	0	0	0	0
4150	0	0	1	0	0	0	0
4175	0	0	1	0	0	0	0
4200	0	0	1	0	0	0	0
4225	0	0	1	0	0	0	0
4250	0	0	1	0	0	0	0
4275	0	0	1	0	0	0	0
4300	0	0	1	0	0	0	0
4325	0	0	1	0	0	0	0
4350	0	0	1	0	0	0	0
4375	1	0	1	0	0	0	0
4400	1	0	1	0	0	0	0
4425	1	0	1	0	0	0	0
4450	1	0	1	0	0	0	0
4475	1	0	1	0	0	0	0
4500	1	0	1	0	0	0	0
4525	1	0	1	0	0	0	0
4550	1	0	1	0	0	0	0
4575	0	0	1	0	0	0	0
4600	1	0	0	0	0	0	0
4625	1	0	1	0	0	0	0
4650	1	0	1	0	0	0	0
4675	1	0	0	0	0	0	0
4700	1	0	0	0	0	0	0
4725	1	0	0	0	0	0	0
4750	0	0	0	0	0	0	0
4775	1	0	0	0	0	0	0
4800	1	0	0	0	0	0	0
4825	1	0	0	0	0	0	0
4850	1	0	0	0	0	0	0
4875	1	0	0	0	0	0	0
4900	1	0	0	0	0	0	0
4925	1	0	1	0	0	0	0
4950	1	0	1	0	0	0	0
4975	1	0	1	0	0	0	0
5000	0	0	1	0	0	0	0
5025	0	0	1	0	0	0	0
5050	0	0	1	0	0	0	0
5075	0	0	1	0	0	0	0
5100	0	0	1	0	0	0	0
5125	0	0	1	0	0	0	0
5150	0	0	1	0	0	0	0
5175	0	0	1	0	0	0	0
5200	0	0	1	0	0	0	0
5225	0	0	1	0	0	0	0
5250	1	0	1	0	0	0	0
5275	1	0	0	0	0	0	0
5300	1	0	0	0	0	0	0
5325	1	0	0	0	0	0	0
5350	1	0	0	0	0	0	0
5375	1	0	1	0	0	0	0
5400	0	0	1	0	0	0	0
5425	0	0	1	0	0	0	0
5450	0	0	1	0	0	0	0
5475	0	0	1	0	0	0	0
5500	0	0	1	0	0	0	0
5525	0	0	1	0	0	0	0
5550	0	0	1	0	0	0	0
5575	0	0	1	0	0	0	0
5600	0	0	1	0	0	0	0
5625	1	0	1	0	0	0	0
5650	1	0	0	0	0	0	0
5675	1	0	0	0	0	0	0
5700	1	0	0	0	0	0	0
5725	1	0	1	0	0	0	0
5750	0	0	0	0	0	0	0
5775	1	0	0	0	0	0	0
5800	1	0	1	0	0	0	0
5825	1	0	1	0	0	0	0
5850	1	0	1	0	0	0	0
5875	1	0	1	0	0	0	0
5900	1	0	1	0	0	0	0
5925	1	0	1	0	0	0	0
5950	1	0	1	0	0	0	0
5975	1	0	1	0	0	0	0
6000	1	0	1	0	0	0	0
6025	1	0	1	0	0	0	0
6050	1	0	1	0	0	0	0
6075	1	0	1	0	0	0	0
6100	1	0	1	0	0	0	0
6125	1	0	1	0	0	0	0
6150	1	0	1	0	0	0	0
6175	1	0	1	0	0	0	0
6200	1	0	1	0	0	0	0
6225	1	0	1	0	0	0	0
6250	1	0	1	0	0	0	0
6275	1	0	1	0	0	0	0
6300	1	0	1	0	0	0	0
6325	1	0	1	0	0	0	0
6350	1	0	1	0	0	0	0
6375	1	0	1	0	0	0	0
6400	1	0	1	0	0	0	0
6425	1	0	1	0	0	0	0
6450	1	0	1	0	0	0	0
6475	1	0	1	0	0	0	0
6500	1	0	1	0	0	0	0
6525	1	0	1	0	0	0	0
6550	1	0	1	0	0	0	0
6575	1	0	1	0	0	0	0
6600	1	0	1	0	0	0	0
6625	1	0	1	0	0	0	0
6650	1	0	1	0	0	0	0
6675	1	0	1	0	0	0	0
6700	1	0	1	0	0	0	0
6725	1	0	1	0	0	0	0
6750	1	0	1	0	0	0	0
6775	1	0	1	0	0	0	0
6800	1	0	1	0	0	0	0
6825	1	0	1	0	0	0	0
6850	1	0	1	0	0	0	0
6875	1	0	1	0	0	0	0
6900	1	0	1	0	0	0	0
6925	1	0	1	0	0	0	0
6950	1	0	1	0	0	0	0
6975	0	0	1	0	0	0	0
7000	0	0	1	0	0	0	0
7025	0	0	1	0	0	0	0
7050	0	0	1	0	0	0	0
7075	0	0	1	0	0	0	0
7100	0	0	1	0	0	0	0
7125	0	0	0	0	0	0	0
7150	0	0	1	0	0	0	0
7175	0	0	1	0	0	0	0
7200	0	0	1	0	0	0	0
7225	0	0	1	0	0	0	0
7250	0	0	1	0	0	0	0
7275	0	0	1	0	0	0	0
7300	0	0	1	0	0	0	0
7325	0	0	1	0	0	0	0
7350	0	0	0	0	0	0	0
7375	1	0	1	0	0	0	0
7400	0	0	1	0	0	0	0
7425	1	0	1	0	0	0	0
7450	1	0	1	0	0	0	0
7475	1	0	1	0	0	0	0
7500	1	0	1	0	0	0	0
7525	1	0	1	0	0	0	0
7550	0	0	1	0	0	0	0
7575	0	0	1	0	0	0	0
7600	0	0	1	0	0	0	0
7625	0	0	1	0	0	0	0
7650	0	0	1	0	0	0	0
7675	0	0	1	0	0	0	0
7700	0	0	1	0	0	0	0
7725	0	0	1	0	0	0	0
7750	0	0	1	0	0	0	0
7775	0	0	1	0	0	0	0
7800	0	0	1	0	0	0	0
7825	0	0	1	0	0	0	0
7850	0	0	0	0	0	0	0
7875	0	0	0	0	0	0	0
7900	0	0	1	0	0	0	0
7925	0	0	1	0	0	0	0
7950	0	0	1	0	0	0	0
7975	0	0	1	0	0	0	0
8000	0	0	1	0	0	0	0
8025	0	0	1	0	0	0	0
8050	0	0	1	0	0	0	0
8075	0	0	0	0	0	0	0
8100	0	0	1	0	0	0	0
8125	0	0	1	0	0	0	0
8150	0	0	1	0	0	0	0
8175	0	0	1	0	0	0	0
8200	0	0	1	0	0	0	0
8225	0	0	1	0	0	0	0
8250	0	0	1	0	0	0	0
8275	0	0	1	0	0	0	0
8300	0	0	1	0	0	0	0
8325	0	0	1	0	0	0	0
8350	0	0	1	0	0	0	0
8375	0	0	1	0	0	0	0
8400	0	0	1	0	0	0	0
8425	0	0	1	0	0	0	0
8450	0	0	1	0	0	0	0
8475	0	0	1	0	0	0	0
8500	0	0	1	0	0	0	0
8525	0	0	1	0	0	0	0
8550	0	0	1	0	0	0	0
8575	0	0	1	0	0	0	0
8600	0	0	1	0	0	0	0
8625	0	0	1	0	0	0	0
8650	0	0	1	0	0	0	0
8675	0	0	1	0	0	0	0
8700	0	0	1	0	0	0	0
8725	0	0	1	0	0	0	0
8750	0	0	1	0	0	0	0
8775	0	0	1	0	0	0	0
8800	0	0	1	0	0	0	0
8825	0	0	1	0	0	0	0
8850	0	0	1	0	0	0	0
8875	0	0	1	0	0	0	0
8900	0	0	1	0	0	0	0
8925	0	0	1	0	0	0	0
8950	0	0	1	0	0	0	0
8975	0	0	1	0	0	0	0
9000	0	0	1	0	0	0	0
9025	0	0	1	0	0	0	0
9050	0	0	1	0	0	0	0
9075	0	0	1	0	0	0	0
9100	0	0	1	0	0	0	0
9125	0	0	1	0	0	0	0
9150	0	0	1	0	0	0	0
9175	1	0	1	0	0	0	0
9200	0	0	0	0	0	0	0
9225	0	0	1	0	0	0	0
9250	0	0	0	0	0	0	0
9275	0	0	1	0	0	0	0
9300	0	0	1	0	0	0	0
9325	0	0	1	0	0	0	0
9350	0	0	1	0	0	0	0
9375	0	0	1	0	0	0	0
9400	0	0	1	0	0	0	0
9425	0	0	1	0	0	0	0
9450	0	0	1	0	0	0	0
9475	0	0	1	0	0	0	0
9500	0	0	1	0	0	0	0
9525	0	0	1	0	0	0	0
9550	0	0	1	0	0	0	0
9575	0	0	1	0	0	0	0
9600	0	0	0	0	0	0	0
9625	1	0	1	0	0	0	0
9650	1	0	1	0	0	0	0
9675	1	0	1	0	0	0	0
9700	1	0	1	0	0	0	0
9725	1	0	1	0	0	0	0
9750	1	0	1	0	0	0	0
9775	1	0	1	0	0	0	0
9800	1	0	1	0	0	0	0
9825	1	0	1	0	0	0	0
9850	1	0	1	0	0	0	0
9875	1	0	0	0	0	0	0
9900	1	0	1	0	0	0	0
9925	1	0	0	0	0	0	0
9950	1	0	1	0	0	0	0
9975	1	0	1	0	0	0	0
10000	1	0	1	0	0	0	0
10025	1	0	1	0	0	0	0
10050	1	0	1	0	0	0	0
10075	1	0	1	0	0	0	0
10100	1	0	1	0	0	0	0
10125	1	0	1	0	0	0	0
10150	1	0	1	0	0	0	0
10175	1	0	1	0	0	0	0
10200	1	0	1	0	0	0	0
10225	1	0	1	0	0	0	0
10250	1	0	1	0	0	0	0
10275	1	0	1	0	0	0	0
10300	1	0	1	0	0	0	0
10325	1	0	1	0	0	0	0
10350	1	0	1	0	0	0	0
10375	1	0	1	0	0	0	0
10400	1	0	1	0	0	0	0
10425	1	0	1	0	0	0	0
10450	1	0	1	0	0	0	0
10475	1	0	1	0	0	0	0
10500	1	0	1	0	0	0	0
10525	1	0	1	0	0	0	0
10550	1	0	1	0	0	0	0
10575	1	0	1	0	0	0	0
10600	1	0	1	0	0	0	0
10625	1	0	1	0	0	0	0
10650	1	0	1	0	0	0	0
10675	1	0	1	0	0	0	0
10700	1	0	1	0	0	0	0
10725	1	0	1	0	0	0	0
10750	1	0	1	0	0	0	0
10775	1	0	1	0	0	0	0
10800	1	0	1	0	0	0	0
10825	1	0	1	0	0	0	0
10850	1	0	1	0	0	0	0
10875	1	0	1	0	0	0	0
10900	1	0	1	0	0	0	0
10925	1	0	1	0	0	0	0
10950	1	0	1	0	0	0	0
10975	0	0	1	0	0	0	0
11000	0	0	1	0	0	0	0
11025	1	0	1	0	0	0	0
11050	1	0	1	0	0	0	0
11075	1	0	1	0	0	0	0
11100	1	0	1	0	0	0	0
11125	1	0	1	0	0	0	0
11150	1	0	1	0	0	0	0
11175	1	0	1	0	0	0	0
11200	1	0	1	0	0	0	0
11225	1	0	1	0	0	0	0
11250	1	0	1	0	0	0	0
11275	1	0	1	0	0	0	0
11300	1	0	1	0	0	0	0
11325	1	0	1	0	0	0	0
11350	1	0	1	0	0	0	0
11375	1	0	1	0	0	0	0
11400	1	0	1	0	0	0	0
11425	1	0	1	0	0	0	0
11450	1	0	1	0	0	0	0
11475	1	0	1	0	0	0	0
11500	1	0	1	0	0	0	0
11525	1	0	1	0	0	0	0
11550	1	0	1	0	0	0	0
11575	1	0	1	0	0	0	0
11600	1	0	1	0	0	0	0
11625	1	0	1	0	0	0	0
11650	1	0	1	0	0	0	0
11675	1	0	1	0	0	0	0
11700	1	0	1	0	0	0	0
11725	1	0	1	0	0	0	0
11750	1	0	1	0	0	0	0
11775	1	0	1	0	0	0	0
11800	1	0	1	0	0	0	0
11825	1	0	1	0	0	0	0
11850	1	0	1	0	0	0	0
11875	1	0	1	0	0	0	0
11900	1	0	1	0	0	0	0
11925	1	0	1	0	0	0	0
11950	1	0	1	0	0	0	0
11975	1	0	1	0	0	0	0
12000	1	0	1	0	0	0	0
12025	1	0	1	0	0	0	0
12050	1	0	1	0	0	0	0
12075	1	0	1	0	0	0	0
12100	1	0	1	0	0	0	0
12125	1	0	1	0	0	0	0
12150	1	0	1	0	0	0	0
12175	1	0	1	0	0	0	0
12200	1	0	1	0	0	0	0
12225	1	0	1	0	0	0	0
12250	1	0	1	0	0	0	0
12275	1	0	1	0	0	0	0
12300	1	0	1	0	0	0	0
12325	1	0	1	0	0	0	0
12350	1	0	1	0	0	0	0
12375	1	0	1	0	0	0	0
12400	1	0	1	0	0	0	0
12425	1	0	1	0	0	0	0
12450	1	0	1	0	0	0	0
12475	1	0	1	0	0	0	0
12500	1	0	1	0	0	0	0
12525	1	0	1	0	0	0	0
12550	1	0	1	0	0	0	0
12575	1	0	1	0	0	0	0
12600	1	0	1	0	0	0	0
12625	1	0	1	0	0	0	0
12650	1	0	1	0	0	0	0
12675	1	0	1	0	0	0	0
12700	1	0	1	0	0	0	0
12725	1	0	1	0	0	0	0
12750	1	0	1	0	0	0	0
12775	1	0	1	0	0	0	0
12800	1	0	1	0	0	0	0
12825	1	0	1	0	0	0	0
12850	1	0	1	0	0	0	0
12875	1	0	1	0	0	0	0
12900	1	0	1	0	0	0	0
12925	1	0	1	0	0	0	0
12950	1	0	1	0	0	0	0
12975	1	0	1	0	0	0	0
13000	1	0	1	0	0	0	0
13025	1	0	1	0	0	0	0
13050	1	0	1	0	0	0	0
13075	1	0	1	0	0	0	0
13100	1	0	1	0	0	0	0
13125	1	0	1	0	0	0	0
13150	1	0	1	0	0	0	0
13175	1	0	1	0	0	0	0
13200	1	0	1	0	0	0	0
13225	1	0	1	0	0	0	0
13250	1	0	1	0	0	0	0
13275	1	0	1	0	0	0	0
13300	1	0	1	0	0	0	0
13325	0	0	1	0	0	0	0
13350	0	0	1	0	0	0	0
13375	0	0	1	0	0	0	0
13400	0	0	1	0	0	0	0
13425	0	0	1	0	0	0	0
13450	0	0	1	0	0	0	0
13475	0	0	1	0	0	0	0
13500	0	0	1	0	0	0	0
13525	0	0	1	0	0	0	0
13550	0	0	1	0	0	0	0
13575	0	0	1	0	0	0	0
13600	1	0	1	0	0	0	0
13625	1	0	1	0	0	0	0
13650	1	0	0	0	0	0	0
13675	1	0	1	0	0	0	0
13700	1	0	1	0	0	0	0
13725	1	0	1	0	0	0	0
13750	1	0	1	0	0	0	0
13775	1	0	1	0	0	0	0
13800	1	0	1	0	0	0	0
13825	1	0	1	0	0	0	0
13850	1	0	1	0	0	0	0
13875	1	0	1	0	0	0	0
13900	1	0	1	0	0	0	0
13925	1	0	1	0	0	0	0
13950	1	0	1	0	0	0	0
13975	0	0	1	0	0	0	0
14000	0	0	1	0	0	0	0
14025	0	0	1	0	0	0	0
14050	0	0	1	0	0	0	0
14075	0	0	1	0	0	0	0
14100	0	0	0	0	0	0	0
14125	0	0	1	0	0	0	0
14150	0	0	1	0	0	0	0
14175	0	0	1	0	0	0	0
14200	0	0	1	0	0	0	0
14225	0	0	1	0	0	0	0
14250	0	0	1	0	0	0	0
14275	0	0	1	0	0	0	0
14300	0	0	1	0	0	0	0
14325	0	0	0	0	0	0	0
14350	0	0	1	0	0	0	0
14375	0	0	1	0	0	0	0
14400	0	0	1	0	0	0	0
14425	0	0	1	0	0	0	0
14450	0	0	1	0	0	0	0
14475	0	0	1	0	0	0	0
14500	0	0	1	0	0	0	0
14525	0	0	1	0	0	0	0
14550	0	0	1	0	0	0	0
14575	0	0	1	0	0	0	0
14600	0	0	1	0	0	0	0
14625	0	0	1	0	0	0	0
14650	0	0	1	0	0	0	0
14675	0	0	0	0	0	0	0
14700	0	0	1	0	0	0	0
14725	0	0	1	0	0	0	0
14750	0	0	1	0	0	0	0
14775	0	0	1	0	0	0	0
14800	0	0	1	0	0	0	0
14825	0	0	1	0	0	0	0
14850	0	0	1	0	0	0	0
14875	0	0	1	0	0	0	0
14900	0	0	0	0	0	0	0
14925	0	0	1	0	0	0	0
14950	0	0	0	0	0	0	0
14975	0	0	1	0	0	0	0
15000	0	0	1	0	0	0	0
15025	0	0	1	0	0	0	0
15050	1	0	1	0	0	0	0
15075	1	0	0	0	0	0	0
15100	1	0	0	0	0	0	0
15125	1	0	0	0	0	0	0
15150	1	0	0	0	0	0	0
15175	1	0	0	0	0	0	0
15200	1	0	0	0	0	0	0
15225	1	0	0	0	0	0	0
15250	1	0	0	0	0	0	0
15275	1	0	0	0	0	0	0
15300	1	0	0	0	0	0	0
15325	1	0	0	0	0	0	0
15350	1	0	0	0	0	0	0
15375	1	0	0	0	0	0	0
15400	1	0	0	0	0	0	0
15425	1	0	0	0	0	0	0
15450	1	0	0	0	0	0	0
15475	1	0	0	0	0	0	0
15500	1	0	0	0	0	0	0
15525	1	0	0	0	0	0	0
15550	1	0	0	0	0	0	0
15575	0	0	0	0	0	0	0
15600	0	0	0	0	0	0	0
15625	1	0	0	0	0	0	0
15650	1	0	0	0	0	0	0
15675	1	0	0	0	0	0	0
15700	1	0	0	0	0	0	0
15725	1	0	0	0	0	0	0
15750	1	0	0	0	1	0	0
15775	0	0	0	0	1	0	0
15800	0	0	0	0	1	0	0
15825	0	0	0	0	1	0	0
15850	0	0	0	0	1	0	0
15875	1	0	0	0	1	0	0
15900	0	0	0	0	1	0	0
15925	0	0	0	0	1	0	0
15950	0	0	0	0	1	0	0
15975	0	0	0	0	1	0	0
16000	0	0	0	0	1	0	0
16025	0	0	0	0	1	0	0
16050	0	0	0	0	0	0	0
16075	0	0	0	0	1	0	0
16100	0	0	0	0	1	0	0
16125	0	0	0	0	1	0	0
16150	0	0	0	0	1	0	0
16175	0	0	0	0	1	0	0
16200	0	0	0	0	1	0	0
16225	0	0	0	0	1	0	0
16250	0	0	0	0	1	0	0
16275	0	0	0	0	1	0	0
16300	0	0	0	0	1	0	0
16325	0	0	0	0	0	0	0
16350	1	0	0	0	0	0	0
16375	1	0	0	0	1	0	0
16400	1	0	0	0	1	0	0
16425	1	0	0	0	1	0	0
16450	1	0	0	0	1	0	0
16475	1	0	0	0	1	0	0
16500	1	0	0	0	1	0	0
16525	1	0	0	0	1	0	0
16550	1	0	0	0	1	0	0
16575	1	0	0	0	1	0	0
16600	1	0	0	0	1	0	0
16625	0	0	0	0	1	0	0
16650	0	0	0	0	1	0	0
16675	0	0	0	0	1	0	0
16700	0	0	0	0	1	0	0
16725	0	0	0	0	1	0	0
16750	1	0	0	0	0	0	0
16775	0	0	0	0	0	0	0
16800	0	0	0	0	1	0	0
16825	0	0	0	0	1	0	0
16850	0	0	0	0	1	0	0
16875	0	0	0	0	1	0	0
16900	0	0	0	0	1	0	0
16925	0	0	0	0	1	0	0
16950	0	0	0	0	1	0	0
16975	0	0	0	0	1	0	0
17000	0	0	0	0	1	0	0
17025	0	0	0	0	1	0	0
17050	0	0	0	0	1	0	0
17075	0	0	0	0	1	0	0
17100	0	0	0	0	1	0	0
17125	0	0	0	0	1	0	0
17150	0	0	0	0	0	0	0
17175	1	0	0	0	0	0	0
17200	1	0	0	0	0	0	0
17225	0	0	0	0	0	0	0
17250	0	0	0	0	0	0	0
17275	0	0	0	0	0	0	0
17300	0	0	0	0	0	0	0
17325	1	0	0	0	0	0	0
17350	1	0	0	1	0	0	0
17375	1	0	0	1	0	0	0
17400	0	0	0	1	0	0	0
17425	0	0	0	1	0	0	0
17450	0	0	0	1	0	0	0
17475	0	0	0	1	0	0	0
17500	0	0	0	1	0	0	0
17525	0	0	0	1	0	0	0
17550	0	0	0	1	0	0	0
17575	0	0	0	1	0	0	0
17600	0	0	0	1	0	0	0
17625	0	0	0	1	0	0	0
17650	0	0	0	1	0	0	0
17675	0	0	0	1	0	0	0
17700	0	0	0	1	0	0	0
17725	0	0	0	0	0	0	0
17750	1	0	0	0	0	0	0
17775	0	0	0	0	0	0	0
17800	0	0	0	0	0	0	0
17825	0	0	0	0	0	0	0
17850	0	0	0	0	0	0	0
17875	0	0	0	0	0	0	0
17900	0	0	0	0	0	0	0
17925	0	0	1	0	0	0	0
17950	0	0	1	0	0	0	0
17975	0	0	1	0	0	0	0
18000	0	0	1	0	0	0	0
18025	0	0	1	0	0	0	0
18050	0	0	1	0	0	0	0
18075	0	0	1	0	0	0	0
18100	0	0	1	0	0	0	0
18125	0	0	1	0	0	0	0
18150	0	0	1	0	0	0	0
18175	0	0	1	0	0	0	0
18200	0	0	1	0	0	0	0
18225	0	0	1	0	0	0	0
18250	0	0	1	0	0	0	0
18275	0	0	1	0	0	0	0
18300	0	0	1	0	0	0	0
18325	0	0	1	0	0	0	0
18350	0	0	1	0	0	0	0
18375	0	0	1	0	0	0	0
18400	0	0	1	0	0	0	0
18425	0	0	1	0	0	0	0
18450	0	0	1	0	0	0	0
18475	0	0	1	0	0	0	0
18500	0	0	1	0	0	0	0
18525	0	0	1	0	0	0	0
18550	0	0	1	0	0	0	0
18575	0	0	1	0	0	0	0
18600	0	0	1	0	0	0	0
18625	0	0	1	0	0	0	0
18650	0	0	1	0	0	0	0
18675	0	0	1	0	0	0	0
18700	0	0	1	0	0	0	0
18725	0	0	1	0	0	0	0
18750	0	0	1	0	0	0	0
18775	0	0	1	0	0	0	0
18800	0	0	1	0	0	0	0
18825	0	0	1	0	0	0	0
18850	0	0	1	0	0	0	0
18875	0	0	1	0	0	0	0
18900	0	0	1	0	0	0	0
18925	0	0	1	0	0	0	0
18950	0	0	1	0	0	0	0
18975	0	0	1	0	0	0	0
19000	0	0	1	0	0	0	0
19025	0	0	1	0	0	0	0
19050	0	0	1	0	0	0	0
19075	0	0	1	0	0	0	0
19100	0	0	1	0	0	0	0
19125	0	0	1	0	0	0	0
19150	0	0	1	0	0	0	0
19175	0	0	1	0	0	0	0
19200	0	0	1	0	0	0	0
19225	0	0	1	0	0	0	0
19250	0	0	1	0	0	0	0
19275	0	0	1	0	0	0	0
19300	0	0	1	0	0	0	0
19325	0	0	1	0	0	0	0
19350	0	0	1	0	0	0	0
19375	0	0	1	0	0	0	0
19400	0	0	1	0	0	0	0
19425	0	0	1	0	0	0	0
19450	0	0	1	0	0	0	0
19475	1	0	1	0	0	0	0
19500	0	0	1	0	0	0	0
19525	0	0	1	0	0	0	0
19550	0	0	1	0	0	0	0
19575	0	0	1	0	0	0	0
19600	1	0	1	0	0	0	0
19625	1	0	1	0	0	0	0
19650	1	0	1	0	0	0	0
19675	0	0	1	0	0	0	0
19700	1	0	1	0	0	0	0
19725	0	0	1	0	0	0	0
19750	0	0	1	0	0	0	0
19775	0	0	0	0	0	0	0
19800	1	0	1	0	0	0	0
19825	1	0	1	0	0	0	0
19850	0	0	1	0	0	0	0
19875	0	0	1	0	0	0	0
19900	0	0	0	0	0	0	0
19925	0	0	1	0	0	0	0
19950	0	0	1	0	0	0	0
19975	0	0	1	0	0	0	0
20000	0	0	0	0	0	0	0
20025	0	0	0	0	0	0	0
20050	0	0	0	0	0	0	0
20075	1	0	1	0	0	0	0
20100	0	0	0	0	0	0	0
20125	0	0	0	0	0	0	0
20150	0	0	0	0	0	0	0
20175	0	0	0	0	0	0	0
20200	0	0	0	0	0	0	0
20225	0	0	0	0	0	0	0
20250	1	0	0	0	0	0	0
20275	0	0	0	0	0	0	0
20300	0	0	1	0	0	0	0
20325	0	0	1	0	0	0	0
20350	1	0	1	0	0	0	0
20375	1	0	1	0	0	0	0
20400	0	0	1	0	0	0	0
20425	0	0	1	0	0	0	0
20450	0	0	1	0	0	0	0
20475	0	0	1	0	0	0	0
20500	0	0	1	0	0	0	0
20525	0	0	1	0	0	0	0
20550	0	0	1	0	0	0	0
20575	0	0	1	0	0	0	0
20600	0	0	1	0	0	0	0
20625	0	0	1	0	0	0	0
20650	0	0	1	0	0	0	0
20675	0	0	1	0	0	0	0
20700	0	0	1	0	0	0	0
20725	0	0	1	0	0	0	0
20750	0	0	1	0	0	0	0
20775	0	0	1	0	0	0	0
20800	0	0	1	0	0	0	0
20825	0	0	0	0	0	0	0
20850	0	0	1	0	0	0	0
20875	0	0	0	0	0	0	0
20900	1	0	0	0	0	0	0
20925	0	0	0	0	0	0	0
20950	1	0	0	0	0	0	0
20975	1	0	0	0	0	0	0
21000	1	0	0	0	0	0	0
21025	0	0	1	0	0	0	0
21050	1	0	1	0	0	0	0
21075	1	0	1	0	0	0	0
21100	1	0	1	0	0	0	0
21125	1	0	1	0	0	0	0
21150	0	0	1	0	0	0	0
21175	0	0	1	0	0	0	0
21200	0	0	1	0	0	0	0
21225	0	0	1	0	0	0	0
21250	0	0	1	0	0	0	0
21275	0	0	1	0	0	0	0
21300	0	0	1	0	0	0	0
21325	0	0	1	0	0	0	0
21350	0	0	1	0	0	0	0
21375	0	0	1	0	0	0	0
21400	0	0	1	0	0	0	0
21425	0	0	1	0	0	0	0
21450	0	0	1	0	0	0	0
21475	0	0	1	0	0	0	0
21500	0	0	1	0	0	0	0
21525	0	0	1	0	0	0	0
21550	0	0	1	0	0	0	0
21575	0	0	1	0	0	0	0
21600	1	0	1	0	0	0	0
21625	1	0	1	0	0	0	0
21650	1	0	1	0	0	0	0
21675	1	0	1	0	0	0	0
21700	1	0	1	0	0	0	0
21725	1	0	1	0	0	0	0
21750	1	0	1	0	0	0	0
21775	0	0	1	0	0	0	0
21800	0	0	1	0	0	0	0
21825	1	0	1	0	0	0	0
21850	1	0	1	0	0	0	0
21875	0	0	1	0	0	0	0
21900	0	0	1	0	0	0	0
21925	0	0	1	0	0	0	0
21950	0	0	1	0	0	0	0
21975	0	0	1	0	0	0	0
22000	0	0	1	0	0	0	0
22025	0	0	1	0	0	0	0
22050	0	0	1	0	0	0	0
22075	0	0	1	0	0	0	0
22100	0	0	1	0	0	0	0
22125	0	0	1	0	0	0	0
22150	0	0	1	0	0	0	0
22175	0	0	1	0	0	0	0
22200	0	0	1	0	0	0	0
22225	0	0	1	0	0	0	0
22250	0	0	1	0	0	0	0
22275	0	0	1	0	0	0	0
22300	0	0	1	0	0	0	0
22325	0	0	1	0	0	0	0
22350	0	0	1	0	0	0	0
22375	0	0	0	0	0	0	0
22400	0	0	0	0	0	0	0
22425	1	0	0	0	0	0	0
22450	1	0	1	0	0	0	0
22475	1	0	1	0	0	0	0
22500	1	0	1	0	0	0	0
22525	1	0	1	0	0	0	0
22550	0	0	1	0	0	0	0
22575	0	0	1	0	0	0	0
22600	0	0	1	0	0	0	0
22625	0	0	1	0	0	0	0
22650	0	0	1	0	0	0	0
22675	1	0	1	0	0	0	0
22700	1	0	1	0	0	0	0
22725	0	0	1	0	0	0	0
22750	1	0	1	0	0	0	0
22775	1	0	1	0	0	0	0
22800	1	0	1	0	0	0	0
22825	0	0	1	0	0	0	0
22850	0	0	1	0	0	0	0
22875	0	0	1	0	0	0	0
22900	0	0	1	0	0	0	0
22925	0	0	1	0	0	0	0
22950	0	0	1	0	0	0	0
22975	0	0	1	0	0	0	0
23000	0	0	1	0	0	0	0
23025	0	0	1	0	0	0	0
23050	0	0	1	0	0	0	0
23075	0	0	1	0	0	0	0
23100	0	0	1	0	0	0	0
23125	0	0	1	0	0	0	0
23150	0	0	1	0	0	0	0
23175	0	0	1	0	0	0	0
23200	0	0	1	0	0	0	0
23225	0	0	1	0	0	0	0
23250	0	0	1	0	0	0	0
23275	0	0	1	0	0	0	0
23300	0	0	1	0	0	0	0
23325	0	0	1	0	0	0	0
23350	0	0	1	0	0	0	0
23375	1	0	1	0	0	0	0
23400	1	0	0	0	0	0	0
23425	1	0	1	0	0	0	0
23450	0	0	1	0	0	0	0
23475	0	0	1	0	0	0	0
23500	0	0	1	0	0	0	0
23525	1	0	1	0	0	0	0
23550	1	0	1	0	0	0	0
23575	1	0	1	0	0	0	0
23600	1	0	1	0	0	0	0
23625	1	0	1	0	0	0	0
23650	1	0	1	0	0	0	0
23675	1	0	1	0	0	0	0
23700	1	0	1	0	0	0	0
23725	1	0	1	0	0	0	0
23750	0	0	1	0	0	0	0
23775	0	0	1	0	0	0	0
23800	0	0	1	0	0	0	0
23825	0	0	1	0	0	0	0
23850	0	0	1	0	0	0	0
23875	0	0	1	0	0	0	0
23900	0	0	1	0	0	0	0
23925	0	0	1	0	0	0	0
23950	0	0	1	0	0	0	0
23975	0	0	1	0	0	0	0
24000	0	0	1	0	0	0	0
24025	0	0	1	0	0	0	0
24050	0	0	1	0	0	0	0
24075	0	0	1	0	0	0	0
24100	0	0	1	0	0	0	0
24125	0	0	1	0	0	0	0
24150	0	0	1	0	0	0	0
24175	0	0	1	0	0	0	0
24200	0	0	0	0	0	0	0
24225	0	0	0	0	0	0	0
24250	1	0	1	0	0	0	0
24275	1	0	1	0	0	0	0
24300	1	0	0	0	0	0	0
24325	1	0	1	0	0	0	0
24350	1	0	1	0	0	0	0
24375	0	0	1	0	0	0	0
24400	1	0	1	0	0	0	0
24425	1	0	1	0	0	0	0
24450	0	0	1	0	0	0	0
24475	1	0	1	0	0	0	0
24500	1	0	1	0	0	0	0
24525	0	0	1	0	0	0	0
24550	1	0	1	0	0	0	0
24575	1	0	1	0	0	0	0
24600	1	0	0	0	0	0	0
24625	0	0	0	0	0	0	0
24650	0	0	0	0	0	0	0
24675	1	0	0	0	0	0	0
24700	1	0	0	0	0	0	0
24725	1	0	0	0	0	0	0
24750	1	0	0	0	0	0	0
24775	1	0	0	0	0	0	0
24800	1	0	0	0	0	0	0
24825	1	0	0	0	0	0	0
24850	1	0	0	0	0	0	0
24875	1	0	1	0	0	0	0
24900	1	0	1	0	0	0	0
24925	1	0	1	0	0	0	0
24950	1	0	1	0	0	0	0
24975	1	0	1	0	0	0	0
25000	1	0	1	0	0	0	0
25025	1	0	1	0	0	0	0
25050	1	0	1	0	0	0	0
25075	1	0	1	0	0	0	0
25100	1	0	1	0	0	0	0
25125	1	0	1	0	0	0	0
25150	1	0	1	0	0	0	0
25175	1	0	1	0	0	0	0
25200	1	0	1	0	0	0	0
25225	1	0	1	0	0	0	0
25250	1	0	0	0	0	0	0
25275	1	0	0	0	0	0	0
25300	1	0	0	0	0	0	0
25325	1	0	0	0	0	0	0
25350	1	0	1	0	0	0	0
25375	1	0	1	0	0	0	0
25400	1	0	1	0	0	0	0
25425	1	0	1	0	0	0	0
25450	1	0	1	0	0	0	0
25475	1	0	1	0	0	0	0
25500	1	0	1	0	0	0	0
25525	1	0	1	0	0	0	0
25550	1	0	1	0	0	0	0
25575	1	0	1	0	0	0	0
25600	1	0	0	0	0	0	0
25625	1	0	1	0	0	0	0
25650	1	0	1	0	0	0	0
25675	1	0	1	0	0	0	0
25700	1	0	1	0	0	0	0
25725	1	0	1	0	0	0	0
25750	1	0	1	0	0	0	0
25775	1	0	1	0	0	0	0
25800	1	0	1	0	0	0	0
25825	1	0	1	0	0	0	0
25850	1	0	1	0	0	0	0
25875	1	0	1	0	0	0	0
25900	1	0	1	0	0	0	0
25925	1	0	1	0	0	0	0
25950	1	0	1	0	0	0	0
25975	1	0	1	0	0	0	0
26000	1	0	1	0	0	0	0
26025	1	0	1	0	0	0	0
26050	1	0	1	0	0	0	0
26075	1	0	1	0	0	0	0
26100	1	0	1	0	0	0	0
26125	1	0	1	0	0	0	0
26150	1	0	1	0	0	0	0
26175	1	0	1	0	0	0	0
26200	0	0	1	0	0	0	0
26225	0	0	1	0	0	0	0
26250	0	0	1	0	0	0	0
26275	0	0	1	0	0	0	0
26300	0	0	1	0	0	0	0
26325	0	0	1	0	0	0	0
26350	0	0	1	0	0	0	0
26375	0	0	1	0	0	0	0
26400	0	0	1	0	0	0	0
26425	0	0	1	0	0	0	0
26450	0	0	1	0	0	0	0
26475	0	0	1	0	0	0	0
26500	0	0	1	0	0	0	0
26525	0	0	1	0	0	0	0
26550	1	0	1	0	0	0	0
26575	1	0	1	0	0	0	0
26600	0	0	1	0	0	0	0
26625	1	0	0	0	0	0	0
26650	0	0	0	0	0	0	0
26675	0	0	0	0	0	0	0
26700	0	0	0	0	0	0	0
26725	0	0	0	0	0	0	0
26750	0	0	0	0	0	0	0
26775	0	0	0	0	0	0	0
26800	0	0	0	0	0	0	0
26825	0	0	0	0	0	0	0
26850	0	0	0	0	0	0	0
26875	0	0	0	0	0	0	0
26900	0	0	0	0	0	0	0
26925	0	0	0	0	0	0	0
26950	0	0	0	0	0	0	0
26975	0	0	0	0	0	0	0
27000	0	0	0	0	0	0	0
27025	0	0	0	0	0	0	0
27050	1	0	0	0	0	0	1
27075	1	0	0	0	0	0	1
27100	1	0	0	0	0	0	1
27125	1	0	0	0	0	0	1
27150	1	0	0	0	0	0	1
27175	1	0	0	0	0	0	1
27200	1	0	0	0	0	0	1
27225	1	0	0	0	0	0	1
27250	1	0	0	0	0	0	1
27275	1	0	0	0	0	0	1
27300	1	0	0	0	0	0	1
27325	1	0	0	0	0	0	1
27350	1	0	0	0	0	0	1
27375	1	0	0	0	0	0	1
27400	1	0	0	0	0	0	1
27425	1	0	0	0	0	0	1
27450	1	0	0	0	0	0	1
27475	1	0	0	0	0	0	1
27500	1	0	0	0	0	0	1
27525	1	0	0	0	0	0	1
27550	1	0	0	0	0	0	1
27575	1	0	0	0	0	0	1
27600	1	0	0	0	0	0	1
27625	1	0	0	0	0	0	1
27650	1	0	0	0	0	0	1
27675	1	0	0	0	0	0	1
27700	1	0	0	0	0	0	1
27725	1	0	0	0	0	0	1
27750	0	0	0	0	0	0	1
27775	1	0	0	0	0	0	1
27800	1	0	0	0	0	0	1
27825	1	0	0	0	0	0	1
27850	1	0	0	0	0	0	1
27875	1	0	0	0	0	0	1
27900	1	0	0	0	0	0	1
27925	1	0	0	0	0	0	1
27950	1	0	0	0	0	0	1
27975	1	0	0	0	0	0	1
28000	1	0	0	0	0	0	1
28025	1	0	0	0	0	0	1
28050	1	0	0	0	0	0	1
28075	1	0	0	0	0	0	1
28100	1	0	0	0	0	0	1
28125	1	0	0	0	0	0	1
28150	1	0	0	0	0	0	1
28175	1	0	0	0	0	0	1
28200	1	0	0	0	0	0	1
28225	1	0	0	0	0	0	1
28250	1	0	0	0	0	0	1
28275	1	0	0	0	0	0	1
28300	1	0	0	0	0	0	1
28325	1	0	0	0	0	0	1
28350	1	0	0	0	0	0	1
28375	0	0	0	0	0	0	1
28400	1	0	0	0	0	0	1
28425	1	0	0	0	0	0	1
28450	1	0	0	0	0	0	1
28475	1	0	0	0	0	0	1
28500	0	0	0	0	0	0	1
28525	1	0	0	0	0	0	1
28550	1	0	0	0	0	0	0
28575	1	0	0	0	0	0	0
28600	1	0	0	0	0	0	0
28625	1	0	0	0	0	0	0
28650	1	0	0	0	0	0	0
28675	1	0	0	0	0	0	0
28700	1	0	0	0	0	0	0
28725	1	0	0	0	0	0	0
28750	1	0	0	0	0	0	0
28775	1	0	0	0	0	0	0
28800	1	0	0	0	0	0	0
28825	1	0	0	0	0	0	0
28850	1	0	0	0	0	0	0
28875	1	1	0	0	0	0	0
28900	1	1	0	0	0	0	0
28925	1	1	0	0	0	0	0
28950	1	1	0	0	0	0	0
28975	1	1	0	0	0	0	0
29000	1	1	0	0	0	0	0
29025	1	1	0	0	0	0	0
29050	1	1	0	0	0	0	0
29075	1	1	0	0	0	0	0
29100	1	1	0	0	0	0	0
29125	1	1	0	0	0	0	0
29150	1	1	0	0	0	0	0
29175	0	1	0	0	0	0	0
29200	1	1	0	0	0	0	0
29225	1	1	0	0	0	0	0
29250	1	1	0	0	0	0	0
29275	1	1	0	0	0	0	0
29300	1	1	0	0	0	0	0
29325	1	1	0	0	0	0	0
29350	1	1	0	0	0	0	0
29375	1	1	0	0	0	0	0
29400	1	1	0	0	0	0	0
29425	1	1	0	0	0	0	0
29450	1	1	0	0	0	0	0
29475	1	1	0	0	0	0	0
29500	1	1	0	0	0	0	0
29525	1	1	0	0	0	0	0
29550	1	1	0	0	0	0	0
29575	1	1	0	0	0	0	0
29600	1	1	0	0	0	0	0
29625	1	1	0	0	0	0	0
29650	1	1	0	0	0	0	0
29675	1	1	0	0	0	0	0
29700	1	1	0	0	0	0	0
29725	1	1	0	0	0	0	0
29750	0	1	0	0	0	0	0
29775	1	1	0	0	0	0	0
29800	1	1	0	0	0	0	0
29825	1	1	0	0	0	0	0
29850	1	1	0	0	0	0	0
29875	1	1	0	0	0	0	0
29900	1	1	0	0	0	0	0
29925	1	1	0	0	0	0	0
29950	1	1	0	0	0	0	0
29975	1	1	0	0	0	0	0
30000	1	1	0	0	0	0	0
30025	1	1	0	0	0	0	0
30050	1	1	0	0	0	0	0
30075	1	1	0	0	0	0	0
30100	1	1	0	0	0	0	0
30125	1	1	0	0	0	0	0
30150	1	1	0	0	0	0	0
30175	1	1	0	0	0	0	0
30200	1	1	0	0	0	0	0
30225	0	1	0	0	0	0	0
30250	0	1	0	0	0	0	0
30275	1	1	0	0	0	0	0
30300	1	1	0	0	0	0	0
30325	1	1	0	0	0	0	0
30350	1	1	0	0	0	0	0
30375	1	1	0	0	0	0	0
30400	1	1	0	0	0	0	0
30425	1	1	0	0	0	0	0
30450	1	0	0	0	0	0	0
30475	1	0	0	0	0	0	0
30500	1	0	0	0	0	0	0
30525	1	0	0	0	0	0	0
30550	1	0	0	0	0	0	0
30575	1	0	0	0	0	0	0
30600	1	0	0	0	0	0	0
30625	1	0	0	0	0	0	0
30650	1	0	0	0	0	0	0
30675	1	0	0	0	0	0	0
30700	1	0	0	0	0	0	0
30725	1	0	0	0	0	0	0
30750	1	0	0	0	0	0	0
30775	1	0	0	0	0	0	0
30800	1	0	0	0	0	0	0
30825	1	0	0	0	0	0	0
30850	1	0	0	0	0	1	0
30875	1	0	0	0	0	1	0
30900	1	0	0	0	0	1	0
30925	1	0	0	0	0	1	0
30950	0	0	0	0	0	1	1
30975	0	0	0	0	0	1	1
31000	0	0	0	0	0	1	0
31025	1	0	0	0	0	1	1
31050	1	0	0	0	0	1	1
31075	1	0	0	0	0	1	1
31100	1	0	0	0	0	1	1
31125	1	0	0	0	0	1	1
31150	0	0	0	0	0	1	1
31175	1	0	0	0	0	1	1
31200	0	0	0	0	0	1	1
31225	0	0	0	0	0	1	1
31250	0	0	0	0	0	1	1
31275	1	0	0	0	0	1	1
31300	1	0	0	0	0	0	1
31325	1	0	0	0	0	0	1
31350	1	0	0	0	0	0	1
31375	1	0	0	0	0	1	1
31400	1	0	0	0	0	1	1
31425	1	0	0	0	0	0	1
31450	1	0	0	0	0	0	1
31475	1	0	0	0	0	0	1
31500	1	0	0	0	0	0	1
31525	1	0	0	0	0	0	1
31550	1	0	0	0	0	0	1
31575	1	0	0	0	0	1	1
31600	1	0	0	0	0	1	1
31625	1	0	0	0	0	1	1
31650	1	0	0	0	0	1	1
31675	1	0	0	0	0	1	1
31700	1	0	0	0	0	1	1
31725	1	0	0	0	0	1	1
31750	1	0	0	0	0	1	1
31775	1	0	0	0	0	1	1
31800	1	0	0	0	0	1	1
31825	0	0	0	0	0	1	1
31850	0	0	0	0	0	1	1
31875	1	0	0	0	0	1	1
31900	1	0	0	0	0	1	1
31925	1	0	0	0	0	1	1
31950	1	0	0	0	0	1	1
31975	1	0	0	0	0	1	1
32000	1	0	0	0	0	1	1
32025	1	0	0	0	0	1	1
32050	1	0	0	0	0	1	1
32075	1	0	0	0	0	1	1
32100	1	0	0	0	0	1	1
32125	1	0	0	0	0	1	1
32150	1	0	0	0	0	1	1
32175	0	0	0	0	0	1	1
32200	0	0	0	0	0	0	1
32225	1	0	0	0	0	0	1
32250	1	0	0	0	0	0	1
32275	1	0	0	0	0	0	1
32300	1	0	0	0	0	0	1
32325	1	0	0	0	0	0	1
32350	1	0	0	0	0	0	1
32375	1	0	0	0	0	0	1
32400	1	0	0	0	0	0	1
32425	1	0	0	0	0	0	1
32450	1	0	0	0	0	0	1
32475	1	0	0	0	0	0	1
32500	1	0	0	0	0	0	1
32525	1	0	0	0	0	0	1
32550	1	0	0	0	0	0	1
32575	1	0	0	0	0	0	1
32600	1	0	0	0	0	0	1
32625	1	0	0	0	0	0	1
32650	1	0	0	0	0	0	1
32675	1	0	0	0	0	0	1
32700	1	0	0	0	0	0	1
32725	1	0	0	0	0	0	1
32750	1	0	0	0	0	0	1
32775	1	0	0	0	0	0	1
32800	1	0	0	0	0	0	1
32825	1	0	0	0	0	0	1
32850	1	0	0	0	0	0	1
32875	1	0	0	0	0	0	1
32900	1	0	0	0	0	0	1
32925	0	0	0	0	0	0	1
32950	1	0	0	0	0	0	1
32975	0	0	0	0	0	0	1
33000	1	0	0	0	0	0	1
33025	1	0	0	0	0	0	1
33050	1	0	0	0	0	1	1
33075	0	0	0	0	0	1	1
33100	0	0	0	0	0	1	1
33125	0	0	0	0	0	1	1
33150	0	0	0	0	0	1	1
33175	0	0	0	0	0	1	1
33200	0	0	0	0	0	0	1
33225	0	0	0	0	0	0	1
33250	1	0	0	0	0	0	1
33275	1	0	0	0	0	0	0
33300	0	0	0	0	0	0	0
33325	0	0	0	0	0	0	0
33350	0	0	0	0	0	0	0
33375	0	0	0	0	0	0	0
33400	0	0	0	0	0	0	0
33425	0	0	0	0	0	0	0
33450	0	0	0	0	0	0	0
33475	0	0	0	0	0	0	0
33500	0	0	0	0	0	0	0
33525	0	0	0	0	0	0	0
33550	0	0	0	0	0	0	0
33575	1	0	0	0	0	0	0
33600	1	0	0	0	0	0	0
33625	0	0	0	0	0	0	0
33650	0	0	0	0	0	0	0
33675	0	0	0	0	0	0	0
33700	0	0	0	0	0	0	0
33725	0	0	0	0	0	0	0
33750	0	0	0	0	0	0	0
33775	0	0	0	0	0	0	0
33800	0	0	0	0	0	0	0
33825	0	0	0	0	0	0	0
33850	0	0	0	0	0	0	0
33875	0	0	0	0	0	0	0
33900	0	0	0	0	0	0	0
33925	0	1	0	0	0	0	0
33950	0	1	0	0	0	0	0
33975	0	1	0	0	0	0	0
34000	0	0	0	0	0	0	0
34025	0	0	0	0	0	0	0
34050	0	1	0	0	0	0	0
34075	0	1	0	0	0	0	0
34100	0	1	0	0	0	0	0
34125	0	1	0	0	0	0	0
34150	0	1	0	0	0	0	0
34175	0	1	0	0	0	0	0
34200	0	1	0	0	0	0	0
34225	0	1	0	0	0	0	0
34250	0	1	0	0	0	0	0
34275	0	1	0	0	0	0	0
34300	0	1	0	0	0	0	0
34325	0	1	0	0	0	0	0
34350	0	1	0	0	0	0	0
34375	0	1	0	0	0	0	0
34400	0	1	0	0	0	0	0
34425	0	1	0	0	0	0	0
34450	0	1	0	1	0	0	0
34475	0	1	0	1	0	0	0
34500	0	1	0	1	0	0	0
34525	0	1	0	1	0	0	0
34550	0	1	0	1	0	0	0
34575	0	1	0	1	0	0	0
34600	0	1	0	1	0	0	0
34625	0	1	0	1	0	0	0
34650	0	1	0	1	0	0	0
34675	0	1	0	1	0	0	0
34700	0	1	0	1	0	0	0
34725	0	1	0	1	0	0	0
34750	0	1	0	1	0	0	0
34775	0	1	0	1	0	0	0
34800	0	1	0	1	0	0	0
34825	0	1	0	1	0	0	0
34850	0	1	0	1	0	0	0
34875	0	1	0	1	0	0	0
34900	0	1	0	1	0	0	0
34925	0	1	0	1	0	0	0
34950	0	1	0	1	0	0	0
34975	0	1	0	1	0	0	0
35000	0	1	0	1	0	0	0
35025	0	1	0	1	0	0	0
35050	0	1	0	1	0	0	0
35075	0	1	0	0	0	0	0
35100	0	1	0	1	0	0	0
35125	0	1	0	1	0	0	0
35150	0	1	0	1	0	0	0
35175	0	1	0	1	0	0	0
35200	0	1	0	1	0	0	0
35225	0	1	0	1	0	0	0
35250	0	1	0	1	0	0	0
35275	0	1	0	1	0	0	0
35300	0	1	0	1	0	0	0
35325	0	1	0	1	0	0	0
35350	0	1	0	1	0	0	0
35375	0	1	0	1	0	0	0
35400	0	1	0	1	0	0	0
35425	0	1	0	1	0	0	0
35450	0	1	0	1	0	0	0
35475	0	1	0	1	0	0	0
35500	0	1	0	1	0	0	0
35525	0	1	0	1	0	0	0
35550	0	1	0	1	0	0	0
35575	0	1	0	1	0	0	0
35600	0	1	0	1	0	0	0
35625	0	1	0	1	0	0	0
35650	0	1	0	1	0	0	0
35675	0	1	0	0	0	0	0
35700	0	1	0	0	0	0	0
35725	0	1	0	1	0	0	0
35750	0	1	0	1	0	0	0
35775	0	1	0	0	0	0	0
35800	0	1	0	1	0	0	0
35825	0	1	0	1	0	0	0
35850	0	1	0	1	0	0	0
35875	0	1	0	1	0	0	0
35900	0	1	0	1	0	0	0
35925	0	1	0	1	0	0	0
35950	0	1	0	1	0	0	0
35975	0	1	0	1	0	0	0
36000	0	1	0	1	0	0	0
36025	0	1	0	1	0	0	0
36050	0	1	0	1	0	0	0
36075	0	1	0	1	0	0	0
36100	0	1	0	1	0	0	0
36125	0	1	0	1	0	0	0
36150	0	1	0	1	0	0	0
36175	0	1	0	1	0	0	0
36200	0	1	0	1	0	0	0
36225	0	1	0	1	0	0	0
36250	0	1	0	1	0	0	0
36275	0	1	0	1	0	0	0
36300	0	1	0	1	0	0	0
36325	0	1	0	1	0	0	0
36350	0	0	0	0	0	0	0
36375	0	1	0	0	0	0	0
36400	0	1	0	1	0	0	0
36425	0	0	0	0	0	0	0
36450	0	0	0	0	0	0	0
36475	0	1	0	1	0	0	0
36500	0	1	0	1	0	0	0
36525	0	1	0	1	0	0	0
36550	0	0	0	0	0	0	0
36575	0	1	0	0	0	0	0
36600	0	1	0	0	0	0	0
36625	0	1	0	0	0	0	0
36650	0	1	0	0	0	0	0
36675	0	1	0	0	0	0	0
36700	0	1	0	0	0	0	0
36725	0	1	0	0	0	0	0
36750	0	1	0	0	0	0	0
36775	0	1	0	0	0	0	0
36800	0	1	0	0	0	0	0
36825	0	1	0	0	0	0	0
36850	0	1	0	0	0	0	0
36875	0	1	0	0	0	0	0
36900	1	1	0	0	0	0	0
36925	1	1	0	0	0	0	0
36950	1	1	0	0	0	0	0
36975	1	1	0	0	0	0	0
37000	0	1	0	0	0	0	0
37025	0	1	0	0	0	0	0
37050	1	1	0	0	0	0	0
37075	1	1	0	0	0	0	0
37100	1	1	0	0	0	0	0
37125	1	1	0	0	0	0	0
37150	1	1	0	0	0	0	0
37175	1	1	0	0	0	0	0
37200	1	1	0	0	0	0	0
37225	1	1	0	0	0	0	0
37250	1	1	0	0	0	0	0
37275	1	1	0	0	0	0	0
37300	1	1	0	0	0	0	0
37325	1	0	0	0	0	0	0
37350	1	1	0	0	0	0	0
37375	1	1	0	0	0	0	0
37400	0	1	0	0	0	0	0
37425	0	1	0	0	0	0	0
37450	0	1	0	0	0	0	0
37475	0	1	0	0	0	0	0
37500	0	1	0	0	0	0	0
37525	0	0	0	0	0	0	0
37550	0	1	0	0	0	0	0
37575	0	1	0	0	0	0	0
37600	0	1	0	0	0	0	0
37625	0	1	0	0	0	0	0
37650	0	1	0	0	0	0	0
37675	0	1	0	0	0	0	0
37700	0	0	0	0	0	0	0
37725	0	1	0	0	0	0	0
37750	0	1	0	0	0	0	0
37775	0	1	0	0	0	0	0
37800	0	1	0	0	0	0	0
37825	0	1	0	0	0	0	0
37850	0	1	0	0	0	0	0
37875	0	1	0	0	0	0	0
37900	0	1	0	0	0	0	0
37925	0	1	0	0	0	0	0
37950	0	1	0	0	0	0	0
37975	0	1	0	0	0	0	0
38000	0	1	0	0	0	0	0
38025	0	1	0	0	0	0	0
38050	0	1	0	0	0	0	0
38075	0	1	0	0	0	0	0
38100	0	0	0	0	0	0	0
38125	0	0	0	0	0	0	0
38150	0	0	0	0	0	0	0
38175	0	0	0	0	0	0	0
38200	1	0	0	0	0	0	0
38225	1	0	0	0	0	0	0
38250	1	0	0	0	0	0	0
38275	1	0	0	0	0	0	0
38300	1	0	0	0	0	0	0
38325	0	0	0	0	0	0	0
38350	0	0	0	0	0	0	0
38375	0	0	0	0	0	0	1
38400	0	0	0	0	0	0	0
38425	0	0	0	0	0	0	0
38450	1	0	0	0	0	0	0
38475	1	0	0	0	0	0	0
38500	1	0	0	0	0	0	1
38525	1	0	0	0	0	0	1
38550	1	0	0	0	0	0	1
38575	1	0	0	0	0	0	1
38600	1	0	0	0	0	0	1
38625	1	0	0	0	0	0	1
38650	1	0	0	0	0	0	1
38675	1	0	0	0	0	0	1
38700	1	0	0	0	0	0	1
38725	1	0	0	0	0	0	1
38750	1	0	0	0	0	0	1
38775	1	0	0	0	0	0	1
38800	1	0	0	0	0	0	1
38825	1	0	0	0	0	0	1
38850	1	0	0	0	0	0	1
38875	1	0	0	0	0	0	1
38900	1	0	0	0	0	0	1
38925	1	0	0	0	0	0	1
38950	1	0	0	0	0	0	1
38975	1	0	0	0	0	0	1
39000	1	0	0	0	0	0	1
39025	1	0	0	0	0	0	1
39050	1	0	0	0	0	0	1
39075	1	0	0	0	0	0	1
39100	1	0	0	0	0	0	1
39125	1	0	0	0	0	0	1
39150	1	0	0	0	0	0	1
39175	1	0	0	0	0	0	1
39200	1	0	0	0	0	0	1
39225	1	0	0	0	0	0	1
39250	1	0	0	0	0	0	1
39275	1	0	0	0	0	0	1
39300	1	0	0	0	0	0	1
39325	1	0	0	0	0	0	1
39350	1	0	0	0	0	0	1
39375	1	0	0	0	0	0	1
39400	1	0	0	0	0	0	1
39425	1	0	0	0	0	0	1
39450	1	0	0	0	0	0	1
39475	1	0	0	0	0	0	1
39500	1	0	0	0	0	0	1
39525	1	0	0	0	0	0	1
39550	1	0	0	0	0	0	1
39575	1	0	0	0	0	0	1
39600	1	0	0	0	0	0	1
39625	1	0	0	0	0	0	1
39650	1	0	0	0	0	0	1
39675	1	0	0	0	0	0	1
39700	1	0	0	0	0	0	1
39725	1	0	0	0	0	0	1
39750	1	0	0	0	0	0	1
39775	1	0	0	0	0	0	1
39800	1	0	0	0	0	0	1
39825	1	0	0	0	0	0	1
39850	1	0	0	0	0	0	1
39875	1	0	0	0	0	0	1
39900	1	0	0	0	0	0	1
39925	1	0	0	0	0	0	1
39950	1	0	0	0	0	0	1
39975	1	0	0	0	0	0	1
40000	1	0	0	0	0	0	1
40025	1	0	0	0	0	0	1
40050	1	0	0	0	0	0	1
40075	1	0	0	0	0	0	1
40100	1	0	0	0	0	0	1
40125	1	0	0	0	0	0	1
40150	1	0	0	0	0	0	1
40175	1	0	0	0	0	0	1
40200	1	0	0	0	0	0	1
40225	0	0	0	0	0	0	1
40250	0	0	0	0	0	0	1
40275	0	0	0	0	0	0	1
40300	0	0	0	0	0	0	1
40325	0	0	0	0	0	0	1
40350	0	0	0	0	0	0	1
40375	1	0	0	0	0	0	1
40400	1	0	0	0	0	0	1
40425	0	0	0	0	0	0	1
40450	0	0	0	0	0	0	0
40475	0	0	0	0	0	0	0
40500	0	0	0	0	0	0	0
40525	0	0	0	0	0	0	0
40550	1	0	0	0	0	0	1
40575	1	0	0	0	0	0	1
40600	1	0	0	0	0	0	1
40625	1	0	0	0	0	0	1
40650	1	0	0	0	0	0	1
40675	1	0	0	0	0	0	1
40700	1	0	0	0	0	0	1
40725	0	0	0	0	0	0	0
40750	0	0	0	0	0	0	0
40775	0	0	0	0	0	0	0
40800	0	0	0	0	0	0	0
40825	0	0	0	0	0	0	0
40850	0	0	0	0	0	0	0
