Frame	Grasper	Bipolar	Hook	Scissors	Clipper	Irrigator	SpecimenBag
0	0	0	0	0	0	0	0
25	0	0	0	0	0	0	0
50	0	0	0	0	0	0	0
75	0	0	0	0	0	0	0
100	0	0	0	0	0	0	0
125	0	0	0	0	0	0	0
150	0	0	0	0	0	0	0
175	0	0	0	0	0	0	0
200	0	0	0	0	0	0	0
225	1	0	0	0	0	0	0
250	1	0	0	0	0	0	0
275	1	0	0	0	0	0	0
300	1	0	0	0	0	0	0
325	0	0	0	0	0	0	0
350	0	0	0	0	0	0	0
375	0	0	0	0	0	0	0
400	0	0	0	0	0	0	0
425	0	0	0	0	0	0	0
450	0	0	0	0	0	0	0
475	0	0	0	0	0	0	0
500	0	0	0	0	0	0	0
525	0	0	0	0	0	0	0
550	0	0	0	0	0	0	0
575	1	0	0	0	0	0	0
600	0	0	0	0	0	0	0
625	0	0	0	0	0	0	0
650	0	0	0	0	0	0	0
675	0	0	0	0	0	0	0
700	0	0	0	0	0	0	0
725	0	0	0	0	0	0	0
750	1	0	0	0	0	0	0
775	1	0	0	0	0	0	0
800	1	0	0	0	0	0	0
825	1	0	0	0	0	0	0
850	0	0	0	0	0	0	0
875	0	0	0	0	0	0	0
900	0	0	0	0	0	0	0
925	0	0	0	0	0	0	0
950	0	0	0	0	0	0	0
975	0	0	0	0	0	0	0
1000	0	0	0	0	0	0	0
1025	0	0	0	0	0	0	0
1050	0	0	0	0	0	0	0
1075	0	0	0	0	0	0	0
1100	0	0	1	0	0	0	0
1125	0	0	1	0	0	0	0
1150	0	0	1	0	0	0	0
1175	0	0	1	0	0	0	0
1200	0	0	1	0	0	0	0
1225	0	0	1	0	0	0	0
1250	0	0	1	0	0	0	0
1275	0	0	1	0	0	0	0
1300	0	0	1	0	0	0	0
1325	0	0	1	0	0	0	0
1350	0	0	1	0	0	0	0
1375	0	0	1	0	0	0	0
1400	1	0	1	0	0	0	0
1425	1	0	1	0	0	0	0
1450	1	0	1	0	0	0	0
1475	1	0	1	0	0	0	0
1500	1	0	1	0	0	0	0
1525	1	0	1	0	0	0	0
1550	1	0	1	0	0	0	0
1575	1	0	1	0	0	0	0
1600	1	0	1	0	0	0	0
1625	1	0	1	0	0	0	0
1650	1	0	1	0	0	0	0
1675	1	0	1	0	0	0	0
1700	1	0	1	0	0	0	0
1725	1	0	1	0	0	0	0
1750	1	0	1	0	0	0	0
1775	1	0	1	0	0	0	0
1800	1	0	1	0	0	0	0
1825	1	0	1	0	0	0	0
1850	1	0	1	0	0	0	0
1875	1	0	1	0	0	0	0
1900	0	0	1	0	0	0	0
1925	1	0	1	0	0	0	0
1950	1	0	1	0	0	0	0
1975	1	0	1	0	0	0	0
2000	1	0	1	0	0	0	0
2025	1	0	1	0	0	0	0
2050	1	0	1	0	0	0	0
2075	1	0	1	0	0	0	0
2100	1	0	1	0	0	0	0
2125	1	0	1	0	0	0	0
2150	1	0	1	0	0	0	0
2175	1	0	1	0	0	0	0
2200	1	0	1	0	0	0	0
2225	1	0	1	0	0	0	0
2250	1	0	1	0	0	0	0
2275	1	0	1	0	0	0	0
2300	1	0	1	0	0	0	0
2325	1	0	1	0	0	0	0
2350	1	0	1	0	0	0	0
2375	1	0	1	0	0	0	0
2400	1	0	1	0	0	0	0
2425	1	0	1	0	0	0	0
2450	1	0	1	0	0	0	0
2475	1	0	1	0	0	0	0
2500	1	0	1	0	0	0	0
2525	1	0	1	0	0	0	0
2550	1	0	1	0	0	0	0
2575	1	0	0	0	0	0	0
2600	1	0	1	0	0	0	0
2625	1	0	1	0	0	0	0
2650	1	0	1	0	0	0	0
2675	1	0	1	0	0	0	0
2700	1	0	1	0	0	0	0
2725	1	0	1	0	0	0	0
2750	1	0	1	0	0	0	0
2775	1	0	1	0	0	0	0
2800	1	0	1	0	0	0	0
2825	1	0	1	0	0	0	0
2850	1	0	1	0	0	0	0
2875	1	0	1	0	0	0	0
2900	1	0	1	0	0	0	0
2925	1	0	1	0	0	0	0
2950	1	0	1	0	0	0	0
2975	1	0	1	0	0	0	0
3000	1	0	1	0	0	0	0
3025	1	0	1	0	0	0	0
3050	1	0	1	0	0	0	0
3075	1	0	1	0	0	0	0
3100	1	0	1	0	0	0	0
3125	1	0	1	0	0	0	0
3150	1	0	1	0	0	0	0
3175	1	0	1	0	0	0	0
3200	1	0	1	0	0	0	0
3225	1	0	1	0	0	0	0
3250	1	0	1	0	0	0	0
3275	1	0	1	0	0	0	0
3300	1	0	1	0	0	0	0
3325	1	0	1	0	0	0	0
3350	1	0	1	0	0	0	0
3375	1	0	1	0	0	0	0
3400	1	0	1	0	0	0	0
3425	1	0	1	0	0	0	0
3450	1	0	1	0	0	0	0
3475	1	0	1	0	0	0	0
3500	1	0	1	0	0	0	0
3525	1	0	1	0	0	0	0
3550	1	0	1	0	0	0	0
3575	1	0	1	0	0	0	0
3600	1	0	1	0	0	0	0
3625	1	0	1	0	0	0	0
3650	1	0	1	0	0	0	0
3675	1	0	1	0	0	0	0
3700	1	0	1	0	0	0	0
3725	1	0	1	0	0	0	0
3750	1	0	1	0	0	0	0
3775	1	0	1	0	0	0	0
3800	1	0	1	0	0	0	0
3825	1	0	1	0	0	0	0
3850	1	0	1	0	0	0	0
3875	1	0	1	0	0	0	0
3900	1	0	1	0	0	0	0
3925	1	0	1	0	0	0	0
3950	1	0	1	0	0	0	0
3975	1	0	1	0	0	0	0
4000	1	0	1	0	0	0	0
4025	1	0	1	0	0	0	0
4050	1	0	1	0	0	0	0
4075	1	0	1	0	0	0	0
4100	1	0	1	0	0	0	0
4125	1	0	1	0	0	0	0
4150	1	0	1	0	0	0	0
4175	1	0	1	0	0	0	0
4200	1	0	1	0	0	0	0
4225	1	0	1	0	0	0	0
4250	1	0	1	0	0	0	0
4275	1	0	1	0	0	0	0
4300	1	0	1	0	0	0	0
4325	1	0	0	0	0	0	0
4350	1	0	0	0	0	0	0
4375	0	0	0	0	0	0	0
4400	0	0	0	0	0	0	0
4425	0	0	0	0	0	0	0
4450	0	0	0	0	0	0	0
4475	0	0	0	0	0	0	0
4500	0	0	0	0	0	0	0
4525	0	0	0	0	0	0	0
4550	0	0	0	0	0	0	0
4575	0	0	0	0	0	0	0
4600	0	0	0	0	0	0	0
4625	0	0	0	0	0	0	0
4650	0	0	0	0	0	0	0
4675	0	0	0	0	0	0	0
4700	0	0	0	0	0	0	0
4725	0	0	0	0	0	0	0
4750	0	0	0	0	0	0	0
4775	0	0	0	0	0	0	0
4800	0	0	0	0	0	0	0
4825	0	0	0	0	0	0	0
4850	0	0	1	0	0	0	0
4875	0	0	1	0	0	0	0
4900	0	0	1	0	0	0	0
4925	1	0	1	0	0	0	0
4950	1	0	1	0	0	0	0
4975	1	0	1	0	0	0	0
5000	1	0	1	0	0	0	0
5025	1	0	1	0	0	0	0
5050	1	0	1	0	0	0	0
5075	1	0	1	0	0	0	0
5100	1	0	1	0	0	0	0
5125	1	0	1	0	0	0	0
5150	1	0	1	0	0	0	0
5175	0	0	1	0	0	0	0
5200	0	0	1	0	0	0	0
5225	0	0	1	0	0	0	0
5250	0	0	1	0	0	0	0
5275	0	0	1	0	0	0	0
5300	0	0	1	0	0	0	0
5325	0	0	1	0	0	0	0
5350	0	0	1	0	0	0	0
5375	0	0	1	0	0	0	0
5400	0	0	1	0	0	0	0
5425	0	0	1	0	0	0	0
5450	0	0	1	0	0	0	0
5475	0	0	1	0	0	0	0
5500	0	0	1	0	0	0	0
5525	0	0	1	0	0	0	0
5550	0	0	1	0	0	0	0
5575	0	0	1	0	0	0	0
5600	0	0	1	0	0	0	0
5625	0	0	1	0	0	0	0
5650	0	0	1	0	0	0	0
5675	0	0	1	0	0	0	0
5700	0	0	1	0	0	0	0
5725	0	0	1	0	0	0	0
5750	0	0	1	0	0	0	0
5775	0	0	1	0	0	0	0
5800	1	0	1	0	0	0	0
5825	1	0	1	0	0	0	0
5850	1	0	1	0	0	0	0
5875	1	0	1	0	0	0	0
5900	1	0	1	0	0	0	0
5925	1	0	1	0	0	0	0
5950	0	0	1	0	0	0	0
5975	1	0	1	0	0	0	0
6000	1	0	1	0	0	0	0
6025	1	0	1	0	0	0	0
6050	1	0	1	0	0	0	0
6075	1	0	1	0	0	0	0
6100	1	0	1	0	0	0	0
6125	0	0	1	0	0	0	0
6150	0	0	1	0	0	0	0
6175	0	0	1	0	0	0	0
6200	0	0	1	0	0	0	0
6225	0	0	1	0	0	0	0
6250	0	0	1	0	0	0	0
6275	0	0	1	0	0	0	0
6300	0	0	1	0	0	0	0
6325	1	0	1	0	0	0	0
6350	1	0	1	0	0	0	0
6375	1	0	1	0	0	0	0
6400	1	0	1	0	0	0	0
6425	1	0	1	0	0	0	0
6450	1	0	1	0	0	0	0
6475	1	0	1	0	0	0	0
6500	1	0	1	0	0	0	0
6525	0	0	1	0	0	0	0
6550	0	0	1	0	0	0	0
6575	0	0	1	0	0	0	0
6600	0	0	1	0	0	0	0
6625	0	0	1	0	0	0	0
6650	0	0	1	0	0	0	0
6675	0	0	1	0	0	0	0
6700	0	0	1	0	0	0	0
6725	0	0	1	0	0	0	0
6750	0	0	1	0	0	0	0
6775	0	0	1	0	0	0	0
6800	0	0	1	0	0	0	0
6825	0	0	1	0	0	0	0
6850	0	0	1	0	0	0	0
6875	0	0	1	0	0	0	0
6900	0	0	1	0	0	0	0
6925	0	0	1	0	0	0	0
6950	0	0	1	0	0	0	0
6975	0	0	1	0	0	0	0
7000	0	0	1	0	0	0	0
7025	0	0	1	0	0	0	0
7050	0	0	1	0	0	0	0
7075	0	0	1	0	0	0	0
7100	0	0	1	0	0	0	0
7125	0	0	1	0	0	0	0
7150	0	0	1	0	0	0	0
7175	0	0	1	0	0	0	0
7200	0	0	1	0	0	0	0
7225	0	0	1	0	0	0	0
7250	0	0	1	0	0	0	0
7275	0	0	1	0	0	0	0
7300	0	0	1	0	0	0	0
7325	0	0	1	0	0	0	0
7350	0	0	1	0	0	0	0
7375	0	0	1	0	0	0	0
7400	0	0	1	0	0	0	0
7425	0	0	1	0	0	0	0
7450	0	0	1	0	0	0	0
7475	0	0	1	0	0	0	0
7500	0	0	1	0	0	0	0
7525	0	0	1	0	0	0	0
7550	0	0	1	0	0	0	0
7575	0	0	1	0	0	0	0
7600	0	0	1	0	0	0	0
7625	0	0	1	0	0	0	0
7650	0	0	1	0	0	0	0
7675	0	0	1	0	0	0	0
7700	0	0	1	0	0	0	0
7725	0	0	1	0	0	0	0
7750	0	0	1	0	0	0	0
7775	0	0	1	0	0	0	0
7800	0	0	1	0	0	0	0
7825	0	0	1	0	0	0	0
7850	0	0	1	0	0	0	0
7875	0	0	1	0	0	0	0
7900	0	0	1	0	0	0	0
7925	0	0	0	0	0	0	0
7950	0	0	0	0	0	0	0
7975	0	0	0	0	0	0	0
8000	0	0	0	0	0	0	0
8025	0	0	0	0	0	0	0
8050	0	0	0	0	0	0	0
8075	0	0	0	0	0	0	0
8100	0	0	0	0	0	0	0
8125	0	0	0	0	0	0	0
8150	0	0	0	0	0	0	0
8175	0	0	0	0	0	0	0
8200	0	0	0	0	0	0	0
8225	0	0	0	0	0	0	0
8250	0	0	0	0	0	0	0
8275	0	0	0	0	0	0	0
8300	0	0	0	0	1	0	0
8325	0	0	0	0	1	0	0
8350	0	0	0	0	1	0	0
8375	0	0	0	0	1	0	0
8400	0	0	0	0	1	0	0
8425	0	0	0	0	1	0	0
8450	0	0	0	0	1	0	0
8475	0	0	0	0	1	0	0
8500	0	0	0	0	1	0	0
8525	0	0	0	0	1	0	0
8550	0	0	0	0	1	0	0
8575	0	0	0	0	1	0	0
8600	0	0	0	0	1	0	0
8625	0	0	0	0	1	0	0
8650	0	0	0	0	1	0	0
8675	0	0	0	0	1	0	0
8700	0	0	0	0	1	0	0
8725	0	0	0	0	1	0	0
8750	0	0	0	0	1	0	0
8775	0	0	0	0	1	0	0
8800	0	0	0	0	1	0	0
8825	0	0	0	0	1	0	0
8850	0	0	0	0	1	0	0
8875	0	0	0	0	1	0	0
8900	0	0	0	0	1	0	0
8925	0	0	0	0	1	0	0
8950	0	0	0	0	1	0	0
8975	0	0	0	0	1	0	0
9000	0	0	0	0	1	0	0
9025	0	0	0	0	1	0	0
9050	0	0	0	0	1	0	0
9075	0	0	0	0	1	0	0
9100	0	0	0	0	1	0	0
9125	0	0	0	0	1	0	0
9150	0	0	0	0	0	0	0
9175	0	0	0	0	0	0	0
9200	1	0	0	0	0	0	0
9225	1	0	0	0	0	0	0
9250	1	0	0	0	0	0	0
9275	1	0	0	0	0	0	0
9300	0	0	0	0	0	0	0
9325	0	0	0	0	0	0	0
9350	0	0	0	0	0	0	0
9375	0	0	0	0	0	0	0
9400	0	0	0	0	0	0	0
9425	0	0	0	0	0	0	0
9450	0	0	0	0	0	0	0
9475	1	0	0	0	0	0	0
9500	1	0	0	1	0	0	0
9525	0	0	0	1	0	0	0
9550	0	0	0	1	0	0	0
9575	0	0	0	1	0	0	0
9600	0	0	0	1	0	0	0
9625	0	0	0	1	0	0	0
9650	0	0	0	1	0	0	0
9675	0	0	0	1	0	0	0
9700	0	0	0	1	0	0	0
9725	0	0	0	1	0	0	0
9750	1	0	0	1	0	0	0
9775	0	0	0	1	0	0	0
9800	0	0	0	1	0	0	0
9825	0	0	0	1	0	0	0
9850	0	0	0	1	0	0	0
9875	0	0	0	1	0	0	0
9900	0	0	0	0	0	0	0
9925	0	0	0	0	0	0	0
9950	0	0	0	0	0	0	0
9975	0	0	0	0	0	0	0
10000	0	0	0	0	0	0	0
10025	0	0	0	0	0	0	0
10050	0	0	0	0	0	0	0
10075	0	0	0	0	0	0	0
10100	0	0	0	0	0	0	0
10125	0	0	0	0	0	0	0
10150	0	0	0	0	0	0	0
10175	0	0	0	0	0	0	0
10200	0	0	0	0	0	0	0
10225	1	0	0	0	0	0	0
10250	0	0	0	0	0	0	0
10275	0	0	0	0	0	0	0
10300	0	0	0	0	0	0	0
10325	0	0	0	0	0	0	0
10350	0	0	0	0	0	0	0
10375	0	0	0	0	0	0	0
10400	1	0	1	0	0	0	0
10425	1	0	1	0	0	0	0
10450	1	0	1	0	0	0	0
10475	1	0	1	0	0	0	0
10500	0	0	1	0	0	0	0
10525	0	0	1	0	0	0	0
10550	0	0	1	0	0	0	0
10575	0	0	1	0	0	0	0
10600	0	0	1	0	0	0	0
10625	0	0	1	0	0	0	0
10650	0	0	1	0	0	0	0
10675	1	0	1	0	0	0	0
10700	1	0	1	0	0	0	0
10725	1	0	1	0	0	0	0
10750	1	0	1	0	0	0	0
10775	1	0	1	0	0	0	0
10800	0	0	1	0	0	0	0
10825	0	0	1	0	0	0	0
10850	0	0	1	0	0	0	0
10875	0	0	1	0	0	0	0
10900	0	0	1	0	0	0	0
10925	0	0	1	0	0	0	0
10950	0	0	1	0	0	0	0
10975	0	0	1	0	0	0	0
11000	0	0	1	0	0	0	0
11025	0	0	1	0	0	0	0
11050	0	0	1	0	0	0	0
11075	0	0	1	0	0	0	0
11100	0	0	1	0	0	0	0
11125	0	0	1	0	0	0	0
11150	0	0	1	0	0	0	0
11175	0	0	1	0	0	0	0
11200	0	0	1	0	0	0	0
11225	0	0	1	0	0	0	0
11250	0	0	1	0	0	0	0
11275	1	0	1	0	0	0	0
11300	1	0	1	0	0	0	0
11325	1	0	1	0	0	0	0
11350	1	0	1	0	0	0	0
11375	1	0	1	0	0	0	0
11400	0	0	1	0	0	0	0
11425	1	0	1	0	0	0	0
11450	1	0	1	0	0	0	0
11475	1	0	1	0	0	0	0
11500	1	0	1	0	0	0	0
11525	1	0	1	0	0	0	0
11550	1	0	1	0	0	0	0
11575	1	0	1	0	0	0	0
11600	1	0	1	0	0	0	0
11625	1	0	1	0	0	0	0
11650	1	0	1	0	0	0	0
11675	1	0	1	0	0	0	0
11700	1	0	1	0	0	0	0
11725	1	0	1	0	0	0	0
11750	1	0	1	0	0	0	0
11775	1	0	1	0	0	0	0
11800	0	0	0	0	0	0	0
11825	0	0	0	0	0	0	0
11850	0	0	1	0	0	0	0
11875	0	0	1	0	0	0	0
11900	1	0	1	0	0	0	0
11925	1	0	1	0	0	0	0
11950	1	0	1	0	0	0	0
11975	1	0	1	0	0	0	0
12000	1	0	1	0	0	0	0
12025	1	0	1	0	0	0	0
12050	0	0	1	0	0	0	0
12075	0	0	1	0	0	0	0
12100	0	0	1	0	0	0	0
12125	0	0	1	0	0	0	0
12150	0	0	1	0	0	0	0
12175	0	0	1	0	0	0	0
12200	0	0	1	0	0	0	0
12225	0	0	1	0	0	0	0
12250	0	0	1	0	0	0	0
12275	0	0	1	0	0	0	0
12300	1	0	1	0	0	0	0
12325	1	0	1	0	0	0	0
12350	1	0	1	0	0	0	0
12375	1	0	1	0	0	0	0
12400	1	0	1	0	0	0	0
12425	1	0	1	0	0	0	0
12450	1	0	1	0	0	0	0
12475	1	0	0	0	0	0	0
12500	1	0	0	0	0	0	0
12525	1	0	0	0	0	0	0
12550	1	0	1	0	0	0	0
12575	1	0	1	0	0	0	0
12600	1	0	1	0	0	0	0
12625	1	0	1	0	0	0	0
12650	1	0	1	0	0	0	0
12675	1	0	1	0	0	0	0
12700	1	0	1	0	0	0	0
12725	1	0	1	0	0	0	0
12750	1	0	1	0	0	0	0
12775	1	0	1	0	0	0	0
12800	1	0	1	0	0	0	0
12825	1	0	1	0	0	0	0
12850	1	0	1	0	0	0	0
12875	1	0	1	0	0	0	0
12900	1	0	1	0	0	0	0
12925	1	0	1	0	0	0	0
12950	1	0	1	0	0	0	0
12975	1	0	1	0	0	0	0
13000	0	0	1	0	0	0	0
13025	0	0	1	0	0	0	0
13050	0	0	1	0	0	0	0
13075	0	0	1	0	0	0	0
13100	0	0	1	0	0	0	0
13125	0	0	1	0	0	0	0
13150	0	0	1	0	0	0	0
13175	0	0	1	0	0	0	0
13200	0	0	1	0	0	0	0
13225	0	0	1	0	0	0	0
13250	0	0	1	0	0	0	0
13275	0	0	1	0	0	0	0
13300	0	0	1	0	0	0	0
13325	0	0	0	0	0	0	0
13350	0	0	0	0	0	0	0
13375	0	0	0	0	0	0	0
13400	1	0	1	0	0	0	0
13425	1	0	1	0	0	0	0
13450	1	0	1	0	0	0	0
13475	1	0	1	0	0	0	0
13500	1	0	1	0	0	0	0
13525	1	0	1	0	0	0	0
13550	1	0	1	0	0	0	0
13575	1	0	1	0	0	0	0
13600	1	0	1	0	0	0	0
13625	0	0	1	0	0	0	0
13650	0	0	1	0	0	0	0
13675	0	0	1	0	0	0	0
13700	0	0	1	0	0	0	0
13725	0	0	1	0	0	0	0
13750	0	0	1	0	0	0	0
13775	0	0	1	0	0	0	0
13800	0	0	1	0	0	0	0
13825	0	0	1	0	0	0	0
13850	0	0	1	0	0	0	0
13875	0	0	1	0	0	0	0
13900	0	0	1	0	0	0	0
13925	0	0	1	0	0	0	0
13950	0	0	0	0	0	0	0
13975	0	0	0	0	0	0	0
14000	0	0	0	0	0	0	0
14025	0	0	0	0	0	0	0
14050	0	0	0	0	0	0	0
14075	0	0	0	0	0	0	0
14100	0	0	0	0	0	0	0
14125	0	0	0	0	0	0	0
14150	0	0	0	0	0	0	0
14175	0	0	0	0	0	0	0
14200	0	0	0	0	0	0	0
14225	0	0	0	0	0	0	0
14250	0	0	0	0	0	0	0
14275	0	0	0	0	0	0	0
14300	0	0	0	0	0	0	0
14325	0	0	0	0	0	0	0
14350	0	0	0	0	0	0	0
14375	0	0	0	0	0	0	0
14400	0	0	0	0	0	0	0
14425	0	0	0	0	0	0	0
14450	0	0	0	0	0	0	0
14475	0	0	0	0	0	0	0
14500	0	1	0	0	0	0	0
14525	0	1	0	0	0	0	0
14550	0	1	0	0	0	0	0
14575	0	1	0	0	0	0	0
14600	0	1	0	0	0	0	0
14625	0	1	0	0	0	0	0
14650	0	1	0	0	0	0	0
14675	0	1	0	0	0	0	0
14700	1	1	0	0	0	0	0
14725	1	1	0	0	0	0	0
14750	1	1	0	0	0	0	0
14775	1	1	0	0	0	0	0
14800	1	1	0	0	0	0	0
14825	1	1	0	0	0	0	0
14850	1	1	0	0	0	0	0
14875	1	1	0	0	0	0	0
14900	1	1	0	0	0	0	0
14925	1	1	0	0	0	0	0
14950	1	1	0	0	0	0	0
14975	1	1	0	0	0	0	0
15000	1	1	0	0	0	0	0
15025	1	1	0	0	0	0	0
15050	1	1	0	0	0	0	0
15075	1	1	0	0	0	0	0
15100	1	1	0	0	0	0	0
15125	1	1	0	0	0	0	0
15150	1	1	0	0	0	0	0
15175	1	1	0	0	0	0	0
15200	1	1	0	0	0	0	0
15225	1	1	0	0	0	0	0
15250	1	1	0	0	0	0	0
15275	1	1	0	0	0	0	0
15300	1	1	0	0	0	0	0
15325	1	1	0	0	0	0	0
15350	1	1	0	0	0	0	0
15375	1	0	0	0	0	0	0
15400	1	0	0	0	0	0	0
15425	0	0	0	0	0	0	0
15450	0	0	0	0	0	0	0
15475	1	0	0	0	0	0	0
15500	1	0	0	0	0	0	0
15525	0	0	0	0	0	0	0
15550	0	0	0	0	0	0	0
15575	0	0	0	0	0	0	0
15600	0	0	0	0	0	0	0
15625	1	0	0	0	0	0	0
15650	0	0	0	0	0	0	0
15675	0	0	0	0	0	0	0
15700	0	0	0	0	0	0	0
15725	0	0	0	0	0	0	0
15750	0	0	0	0	0	0	0
15775	0	0	0	0	0	0	0
15800	0	0	0	0	0	0	0
15825	0	0	0	0	0	0	0
15850	0	0	0	0	0	0	0
15875	0	0	0	0	0	0	0
15900	0	0	0	0	0	0	0
15925	0	0	0	0	0	0	0
15950	0	0	0	0	0	0	1
15975	0	0	0	0	0	0	1
16000	0	0	0	0	0	0	1
16025	1	0	0	0	0	0	1
16050	0	0	0	0	0	0	0
16075	0	0	0	0	0	0	1
16100	1	0	0	0	0	0	1
16125	1	0	0	0	0	0	1
16150	1	0	0	0	0	0	1
16175	1	0	0	0	0	0	1
16200	1	0	0	0	0	0	1
16225	1	0	0	0	0	0	1
16250	1	0	0	0	0	0	1
16275	0	0	0	0	0	0	1
16300	0	0	0	0	0	0	1
16325	1	0	0	0	0	0	1
16350	1	0	0	0	0	0	1
16375	1	0	0	0	0	0	1
16400	0	0	0	0	0	0	1
16425	1	0	0	0	0	0	1
16450	1	0	0	0	0	0	1
16475	1	0	0	0	0	0	1
16500	1	0	0	0	0	0	1
16525	1	0	0	0	0	0	1
16550	1	0	0	0	0	0	1
16575	1	0	0	0	0	0	1
16600	0	0	0	0	0	0	1
16625	1	0	0	0	0	0	1
16650	1	0	0	0	0	0	1
16675	1	0	0	0	0	0	1
16700	1	0	0	0	0	0	1
16725	1	0	0	0	0	0	1
16750	1	0	0	0	0	0	1
16775	1	0	0	0	0	0	1
16800	1	0	0	0	0	0	1
16825	1	0	0	0	0	0	1
16850	1	0	0	0	0	0	1
16875	1	0	0	0	0	0	1
16900	1	0	0	0	0	0	1
16925	1	0	0	0	0	0	1
16950	1	0	0	0	0	0	1
16975	1	0	0	0	0	0	1
17000	1	0	0	0	0	0	1
17025	1	0	0	0	0	0	1
17050	1	0	0	0	0	0	1
17075	1	0	0	0	0	0	1
17100	1	0	0	0	0	0	1
17125	1	0	0	0	0	0	1
17150	1	0	0	0	0	0	1
17175	1	0	0	0	0	0	1
17200	1	0	0	0	0	0	1
17225	1	0	0	0	0	0	1
17250	1	0	0	0	0	0	1
17275	1	0	0	0	0	0	1
17300	1	0	0	0	0	0	1
17325	1	0	0	0	0	0	1
17350	1	0	0	0	0	0	1
17375	1	0	0	0	0	0	1
17400	1	0	0	0	0	0	1
17425	1	0	0	0	0	0	1
17450	1	0	0	0	0	0	1
17475	1	0	0	0	0	0	0
17500	0	0	0	0	0	0	0
17525	0	0	0	0	0	0	0
17550	0	0	0	0	0	0	0
17575	0	0	0	0	0	0	0
17600	0	0	0	0	0	0	0
17625	1	0	0	0	0	0	0
17650	1	0	0	0	0	0	0
17675	1	0	0	0	0	0	0
17700	0	0	0	0	0	0	0
17725	0	0	0	0	0	0	0
17750	1	0	0	0	0	0	0
17775	0	0	0	0	0	0	0
17800	0	0	0	0	0	0	0
17825	0	0	0	0	0	0	0
17850	0	0	0	0	0	0	0
17875	0	0	0	0	0	0	0
17900	0	0	0	0	0	0	0
17925	0	0	0	0	0	0	0
17950	0	0	0	0	0	0	0
17975	0	0	0	0	0	0	0
18000	0	0	0	0	0	0	0
18025	0	0	0	0	0	0	0
18050	1	0	0	0	0	0	1
18075	1	0	0	0	0	0	1
18100	0	0	0	0	0	0	1
18125	0	0	0	0	0	0	1
18150	1	0	0	0	0	0	1
18175	1	0	0	0	0	0	1
18200	0	0	0	0	0	0	1
18225	0	0	0	0	0	0	1
18250	0	0	0	0	0	0	1
18275	1	0	0	0	0	0	1
18300	0	0	0	0	0	0	1
18325	1	0	0	0	0	0	1
18350	1	0	0	0	0	0	0
18375	1	0	0	0	0	0	0
18400	1	0	0	0	0	0	0
18425	1	0	0	0	0	0	0
18450	1	0	0	0	0	0	0
