Frame	Grasper	Bipolar	Hook	Scissors	Clipper	Irrigator	SpecimenBag
0	0	0	0	0	0	0	0
25	0	0	0	0	0	0	0
50	0	0	0	0	0	0	0
75	0	0	0	0	0	0	0
100	0	0	0	0	0	0	0
125	0	0	0	0	0	0	0
150	0	0	0	0	0	0	0
175	0	0	0	0	0	0	0
200	1	0	0	0	0	0	0
225	1	0	0	0	0	0	0
250	1	0	0	0	0	0	0
275	1	0	0	0	0	0	0
300	1	0	0	0	0	0	0
325	1	0	0	0	0	0	0
350	0	0	0	0	0	0	0
375	0	0	0	0	0	0	0
400	0	0	0	0	0	0	0
425	0	0	0	0	0	0	0
450	0	0	0	0	0	0	0
475	0	0	0	0	0	0	0
500	0	0	0	0	0	0	0
525	0	0	0	0	0	0	0
550	0	0	0	0	0	0	0
575	0	0	0	0	0	0	0
600	0	0	0	0	0	0	0
625	0	0	0	0	0	0	0
650	0	0	0	0	0	0	0
675	0	0	0	0	0	0	0
700	0	0	0	0	0	0	0
725	0	0	0	0	0	0	0
750	0	0	0	0	0	0	0
775	0	0	0	0	0	0	0
800	0	0	0	0	0	0	0
825	0	0	0	0	0	0	0
850	0	0	0	0	0	0	0
875	0	0	0	0	0	0	0
900	0	0	0	0	0	0	0
925	0	0	0	0	0	0	0
950	0	0	0	0	0	0	0
975	0	0	0	0	0	0	0
1000	0	0	0	0	0	0	0
1025	0	0	0	0	0	0	0
1050	0	0	0	0	0	0	0
1075	0	0	0	0	0	0	0
1100	0	0	0	0	0	0	0
1125	0	0	0	0	0	0	0
1150	0	0	0	0	0	0	0
1175	0	0	0	0	0	0	0
1200	0	0	0	0	0	0	0
1225	0	0	0	0	0	0	0
1250	0	0	0	0	0	0	0
1275	0	0	0	0	0	0	0
1300	0	0	0	0	0	0	0
1325	0	0	0	0	0	0	0
1350	0	0	0	0	0	0	0
1375	0	0	0	0	0	0	0
1400	0	0	0	0	0	0	0
1425	0	0	0	0	0	0	0
1450	0	0	0	0	0	0	0
1475	0	0	0	0	0	0	0
1500	0	0	0	0	0	0	0
1525	0	0	0	0	0	0	0
1550	0	0	0	0	0	0	0
1575	0	0	0	0	0	0	0
1600	0	0	0	0	0	0	0
1625	0	0	0	0	0	0	0
1650	0	0	0	0	0	0	0
1675	0	0	0	0	0	0	0
1700	0	0	0	0	0	0	0
1725	0	0	0	0	0	0	0
1750	0	0	0	0	0	0	0
1775	0	0	0	0	0	0	0
1800	0	0	0	0	0	0	0
1825	0	0	0	0	0	0	0
1850	0	0	0	0	0	0	0
1875	0	0	0	0	0	0	0
1900	0	0	0	0	0	0	0
1925	0	0	0	0	0	0	0
1950	0	0	0	0	0	0	0
1975	0	0	0	0	0	0	0
2000	0	0	0	0	0	0	0
2025	0	0	0	0	0	0	0
2050	0	0	0	0	0	0	0
2075	0	0	0	0	0	0	0
2100	0	0	0	0	0	0	0
2125	0	0	0	0	0	0	0
2150	0	0	0	0	0	0	0
2175	0	0	0	0	0	0	0
2200	0	0	0	0	0	0	0
2225	0	0	0	0	0	0	0
2250	0	0	0	0	0	0	0
2275	1	0	0	0	0	0	0
2300	0	0	0	0	0	0	0
2325	1	0	0	0	0	0	0
2350	1	0	0	0	0	0	0
2375	1	0	0	0	0	0	0
2400	1	0	0	0	0	0	0
2425	1	0	0	0	0	0	0
2450	1	0	0	0	0	0	0
2475	0	0	0	0	0	0	0
2500	0	0	0	0	0	0	0
2525	0	0	0	0	0	0	0
2550	0	0	0	0	0	0	0
2575	0	0	0	0	0	0	0
2600	1	0	0	0	0	0	0
2625	1	0	0	0	0	0	0
2650	1	0	0	0	0	0	0
2675	1	0	0	0	0	0	0
2700	0	0	0	0	0	0	0
2725	0	0	0	0	0	0	0
2750	0	0	0	0	0	0	0
2775	1	0	0	0	0	0	0
2800	1	0	0	0	0	0	0
2825	1	0	0	0	0	0	0
2850	1	0	0	0	0	0	0
2875	1	0	0	0	0	0	0
2900	1	0	1	0	0	0	0
2925	1	0	1	0	0	0	0
2950	1	0	1	0	0	0	0
2975	1	0	1	0	0	0	0
3000	1	0	1	0	0	0	0
3025	1	0	1	0	0	0	0
3050	1	0	1	0	0	0	0
3075	1	0	1	0	0	0	0
3100	1	0	1	0	0	0	0
3125	1	0	1	0	0	0	0
3150	1	0	1	0	0	0	0
3175	1	0	1	0	0	0	0
3200	1	0	1	0	0	0	0
3225	1	0	1	0	0	0	0
3250	1	0	1	0	0	0	0
3275	1	0	1	0	0	0	0
3300	1	0	1	0	0	0	0
3325	1	0	1	0	0	0	0
3350	1	0	1	0	0	0	0
3375	1	0	1	0	0	0	0
3400	1	0	1	0	0	0	0
3425	1	0	1	0	0	0	0
3450	1	0	1	0	0	0	0
3475	1	0	1	0	0	0	0
3500	1	0	1	0	0	0	0
3525	1	0	1	0	0	0	0
3550	1	0	1	0	0	0	0
3575	1	0	1	0	0	0	0
3600	1	0	1	0	0	0	0
3625	1	0	1	0	0	0	0
3650	1	0	1	0	0	0	0
3675	1	0	1	0	0	0	0
3700	1	0	1	0	0	0	0
3725	1	0	1	0	0	0	0
3750	1	0	1	0	0	0	0
3775	1	0	1	0	0	0	0
3800	1	0	1	0	0	0	0
3825	1	0	1	0	0	0	0
3850	1	0	0	0	0	0	0
3875	1	0	0	0	0	0	0
3900	1	0	0	0	0	0	0
3925	1	0	0	0	0	0	0
3950	1	0	0	0	0	0	0
3975	1	0	0	0	0	0	0
4000	1	0	0	0	0	0	0
4025	1	0	0	0	0	0	0
4050	1	0	0	0	0	0	0
4075	1	0	1	0	0	0	0
4100	1	0	1	0	0	0	0
4125	1	0	1	0	0	0	0
4150	1	0	1	0	0	0	0
4175	1	0	1	0	0	0	0
4200	1	0	1	0	0	0	0
4225	1	0	1	0	0	0	0
4250	1	0	1	0	0	0	0
4275	1	0	1	0	0	0	0
4300	1	0	1	0	0	0	0
4325	1	0	1	0	0	0	0
4350	1	0	1	0	0	0	0
4375	1	0	1	0	0	0	0
4400	1	0	1	0	0	0	0
4425	1	0	1	0	0	0	0
4450	1	0	1	0	0	0	0
4475	1	0	1	0	0	0	0
4500	1	0	1	0	0	0	0
4525	1	0	1	0	0	0	0
4550	1	0	1	0	0	0	0
4575	1	0	1	0	0	0	0
4600	1	0	1	0	0	0	0
4625	1	0	1	0	0	0	0
4650	1	0	1	0	0	0	0
4675	1	0	1	0	0	0	0
4700	1	0	1	0	0	0	0
4725	1	0	1	0	0	0	0
4750	1	0	1	0	0	0	0
4775	1	0	1	0	0	0	0
4800	0	0	1	0	0	0	0
4825	1	0	0	0	0	0	0
4850	1	0	0	0	0	0	0
4875	1	0	0	0	0	0	0
4900	1	0	0	0	0	0	0
4925	1	0	0	0	0	0	0
4950	1	0	0	0	0	0	0
4975	1	0	0	0	0	0	0
5000	1	0	0	0	0	0	0
5025	1	0	0	0	0	0	0
5050	1	0	0	0	0	0	0
5075	1	0	0	0	0	0	0
5100	1	0	0	0	0	0	0
5125	1	0	0	0	0	0	0
5150	1	0	0	0	0	0	0
5175	1	0	0	0	0	0	0
5200	1	0	0	0	0	0	0
5225	0	0	0	0	0	0	0
5250	0	0	0	0	0	0	0
5275	0	0	0	0	0	0	0
5300	0	0	1	0	0	0	0
5325	0	0	1	0	0	0	0
5350	0	0	1	0	0	0	0
5375	0	0	1	0	0	0	0
5400	0	0	1	0	0	0	0
5425	1	0	1	0	0	0	0
5450	0	0	1	0	0	0	0
5475	1	0	0	0	0	0	0
5500	1	0	0	0	0	0	0
5525	1	0	0	0	0	0	0
5550	1	0	0	0	0	0	0
5575	1	0	0	0	0	0	0
5600	1	0	0	0	0	0	0
5625	1	0	0	0	0	0	0
5650	1	0	0	0	0	0	0
5675	1	0	0	0	0	0	0
5700	1	0	0	0	0	0	0
5725	1	0	0	0	0	0	0
5750	1	0	0	0	0	0	0
5775	1	0	0	0	0	0	0
5800	1	0	0	0	0	0	0
5825	1	0	0	0	0	0	0
5850	1	0	0	0	0	0	0
5875	1	0	0	0	0	0	0
5900	1	0	0	0	0	0	0
5925	1	0	0	0	0	0	0
5950	1	0	0	0	0	0	0
5975	1	0	1	0	0	0	0
6000	1	0	1	0	0	0	0
6025	1	0	1	0	0	0	0
6050	1	0	1	0	0	0	0
6075	1	0	1	0	0	0	0
6100	1	0	1	0	0	0	0
6125	1	0	1	0	0	0	0
6150	1	0	1	0	0	0	0
6175	1	0	1	0	0	0	0
6200	1	0	1	0	0	0	0
6225	1	0	1	0	0	0	0
6250	1	0	1	0	0	0	0
6275	1	0	1	0	0	0	0
6300	1	0	1	0	0	0	0
6325	1	0	1	0	0	0	0
6350	1	0	1	0	0	0	0
6375	1	0	1	0	0	0	0
6400	1	0	1	0	0	0	0
6425	1	0	1	0	0	0	0
6450	1	0	1	0	0	0	0
6475	1	0	1	0	0	0	0
6500	1	0	1	0	0	0	0
6525	1	0	1	0	0	0	0
6550	1	0	1	0	0	0	0
6575	1	0	1	0	0	0	0
6600	1	0	1	0	0	0	0
6625	1	0	1	0	0	0	0
6650	1	0	1	0	0	0	0
6675	1	0	1	0	0	0	0
6700	1	0	1	0	0	0	0
6725	1	0	1	0	0	0	0
6750	1	0	1	0	0	0	0
6775	1	0	1	0	0	0	0
6800	1	0	1	0	0	0	0
6825	1	0	1	0	0	0	0
6850	1	0	1	0	0	0	0
6875	1	0	1	0	0	0	0
6900	1	0	1	0	0	0	0
6925	1	0	1	0	0	0	0
6950	1	0	1	0	0	0	0
6975	1	0	1	0	0	0	0
7000	1	0	1	0	0	0	0
7025	1	0	1	0	0	0	0
7050	1	0	1	0	0	0	0
7075	1	0	1	0	0	0	0
7100	1	0	1	0	0	0	0
7125	1	0	1	0	0	0	0
7150	1	0	0	0	0	0	0
7175	1	0	0	0	0	0	0
7200	0	0	0	0	0	0	0
7225	0	0	0	0	0	0	0
7250	1	0	0	0	0	0	0
7275	1	0	0	0	0	0	0
7300	1	0	0	0	0	0	0
7325	1	0	1	0	0	0	0
7350	1	0	1	0	0	0	0
7375	1	0	1	0	0	0	0
7400	1	0	1	0	0	0	0
7425	1	0	1	0	0	0	0
7450	1	0	1	0	0	0	0
7475	1	0	1	0	0	0	0
7500	1	0	1	0	0	0	0
7525	1	0	1	0	0	0	0
7550	1	0	1	0	0	0	0
7575	1	0	1	0	0	0	0
7600	1	0	1	0	0	0	0
7625	1	0	1	0	0	0	0
7650	1	0	1	0	0	0	0
7675	1	0	1	0	0	0	0
7700	1	0	1	0	0	0	0
7725	1	0	0	0	0	0	0
7750	1	0	1	0	0	0	0
7775	1	0	1	0	0	0	0
7800	1	0	1	0	0	0	0
7825	1	0	1	0	0	0	0
7850	1	0	1	0	0	0	0
7875	1	0	1	0	0	0	0
7900	1	0	1	0	0	0	0
7925	1	0	1	0	0	0	0
7950	1	0	1	0	0	0	0
7975	1	0	1	0	0	0	0
8000	1	0	1	0	0	0	0
8025	1	0	1	0	0	0	0
8050	1	0	1	0	0	0	0
8075	1	0	1	0	0	0	0
8100	1	0	1	0	0	0	0
8125	1	0	1	0	0	0	0
8150	1	0	1	0	0	0	0
8175	1	0	1	0	0	0	0
8200	1	0	1	0	0	0	0
8225	1	0	1	0	0	0	0
8250	1	0	1	0	0	0	0
8275	1	0	1	0	0	0	0
8300	1	0	1	0	0	0	0
8325	1	0	1	0	0	0	0
8350	1	0	1	0	0	0	0
8375	1	0	1	0	0	0	0
8400	1	0	1	0	0	0	0
8425	1	0	1	0	0	0	0
8450	1	0	1	0	0	0	0
8475	0	0	1	0	0	0	0
8500	0	0	1	0	0	0	0
8525	0	0	1	0	0	0	0
8550	0	0	1	0	0	0	0
8575	0	0	1	0	0	0	0
8600	0	0	1	0	0	0	0
8625	0	0	1	0	0	0	0
8650	0	0	1	0	0	0	0
8675	0	0	1	0	0	0	0
8700	1	0	1	0	0	0	0
8725	1	0	1	0	0	0	0
8750	1	0	1	0	0	0	0
8775	1	0	1	0	0	0	0
8800	1	0	1	0	0	0	0
8825	1	0	1	0	0	0	0
8850	1	0	1	0	0	0	0
8875	1	0	1	0	0	0	0
8900	1	0	1	0	0	0	0
8925	1	0	1	0	0	0	0
8950	1	0	1	0	0	0	0
8975	1	0	1	0	0	0	0
9000	1	0	1	0	0	0	0
9025	1	0	1	0	0	0	0
9050	1	0	1	0	0	0	0
9075	1	0	1	0	0	0	0
9100	1	0	1	0	0	0	0
9125	1	0	1	0	0	0	0
9150	1	0	1	0	0	0	0
9175	1	0	1	0	0	0	0
9200	1	0	1	0	0	0	0
9225	1	0	1	0	0	0	0
9250	1	0	1	0	0	0	0
9275	1	0	1	0	0	0	0
9300	1	0	1	0	0	0	0
9325	1	0	1	0	0	0	0
9350	1	0	1	0	0	0	0
9375	0	0	1	0	0	0	0
9400	0	0	1	0	0	0	0
9425	0	0	1	0	0	0	0
9450	0	0	1	0	0	0	0
9475	0	0	1	0	0	0	0
9500	0	0	1	0	0	0	0
9525	0	0	1	0	0	0	0
9550	0	0	1	0	0	0	0
9575	0	0	1	0	0	0	0
9600	1	0	0	0	0	0	0
9625	1	0	0	0	0	0	0
9650	1	0	0	0	0	0	0
9675	1	0	0	0	0	0	0
9700	0	0	0	0	0	0	0
9725	0	0	0	0	0	0	0
9750	0	0	0	0	0	0	0
9775	0	0	1	0	0	0	0
9800	0	0	1	0	0	0	0
9825	0	0	1	0	0	0	0
9850	1	0	1	0	0	0	0
9875	1	0	1	0	0	0	0
9900	1	0	1	0	0	0	0
9925	1	0	1	0	0	0	0
9950	1	0	1	0	0	0	0
9975	0	0	1	0	0	0	0
10000	0	0	1	0	0	0	0
10025	0	0	1	0	0	0	0
10050	0	0	1	0	0	0	0
10075	0	0	1	0	0	0	0
10100	0	0	1	0	0	0	0
10125	0	0	1	0	0	0	0
10150	0	0	1	0	0	0	0
10175	0	0	1	0	0	0	0
10200	0	0	1	0	0	0	0
10225	0	0	1	0	0	0	0
10250	0	0	1	0	0	0	0
10275	0	0	1	0	0	0	0
10300	0	0	1	0	0	0	0
10325	0	0	1	0	0	0	0
10350	0	0	1	0	0	0	0
10375	0	0	1	0	0	0	0
10400	0	0	1	0	0	0	0
10425	0	0	1	0	0	0	0
10450	0	0	1	0	0	0	0
10475	0	0	1	0	0	0	0
10500	0	0	1	0	0	0	0
10525	0	0	1	0	0	0	0
10550	0	0	1	0	0	0	0
10575	0	0	1	0	0	0	0
10600	0	0	1	0	0	0	0
10625	0	0	1	0	0	0	0
10650	0	0	1	0	0	0	0
10675	0	0	1	0	0	0	0
10700	0	0	1	0	0	0	0
10725	0	0	1	0	0	0	0
10750	0	0	1	0	0	0	0
10775	0	0	1	0	0	0	0
10800	0	0	1	0	0	0	0
10825	0	0	1	0	0	0	0
10850	0	0	1	0	0	0	0
10875	0	0	1	0	0	0	0
10900	0	0	1	0	0	0	0
10925	0	0	1	0	0	0	0
10950	0	0	1	0	0	0	0
10975	1	0	1	0	0	0	0
11000	1	0	1	0	0	0	0
11025	1	0	1	0	0	0	0
11050	1	0	1	0	0	0	0
11075	1	0	1	0	0	0	0
11100	0	0	1	0	0	0	0
11125	0	0	1	0	0	0	0
11150	0	0	1	0	0	0	0
11175	0	0	1	0	0	0	0
11200	0	0	1	0	0	0	0
11225	0	0	1	0	0	0	0
11250	0	0	1	0	0	0	0
11275	0	0	1	0	0	0	0
11300	0	0	1	0	0	0	0
11325	0	0	1	0	0	0	0
11350	0	0	1	0	0	0	0
11375	0	0	1	0	0	0	0
11400	0	0	1	0	0	0	0
11425	0	0	1	0	0	0	0
11450	0	0	1	0	0	0	0
11475	0	0	1	0	0	0	0
11500	0	0	1	0	0	0	0
11525	0	0	1	0	0	0	0
11550	0	0	1	0	0	0	0
11575	0	0	1	0	0	0	0
11600	0	0	1	0	0	0	0
11625	0	0	1	0	0	0	0
11650	0	0	1	0	0	0	0
11675	0	0	1	0	0	0	0
11700	0	0	1	0	0	0	0
11725	0	0	1	0	0	0	0
11750	0	0	1	0	0	0	0
11775	0	0	1	0	0	0	0
11800	0	0	1	0	0	0	0
11825	0	0	1	0	0	0	0
11850	0	0	1	0	0	0	0
11875	0	0	1	0	0	0	0
11900	0	0	1	0	0	0	0
11925	0	0	1	0	0	0	0
11950	0	0	1	0	0	0	0
11975	0	0	1	0	0	0	0
12000	0	0	1	0	0	0	0
12025	0	0	1	0	0	0	0
12050	0	0	1	0	0	0	0
12075	0	0	1	0	0	0	0
12100	0	0	1	0	0	0	0
12125	0	0	1	0	0	0	0
12150	0	0	1	0	0	0	0
12175	0	0	1	0	0	0	0
12200	0	0	1	0	0	0	0
12225	0	0	1	0	0	0	0
12250	0	0	1	0	0	0	0
12275	0	0	1	0	0	0	0
12300	0	0	1	0	0	0	0
12325	0	0	1	0	0	0	0
12350	0	0	1	0	0	0	0
12375	0	0	1	0	0	0	0
12400	0	0	1	0	0	0	0
12425	0	0	1	0	0	0	0
12450	0	0	1	0	0	0	0
12475	0	0	1	0	0	0	0
12500	0	0	1	0	0	0	0
12525	0	0	1	0	0	0	0
12550	0	0	1	0	0	0	0
12575	0	0	1	0	0	0	0
12600	0	0	1	0	0	0	0
12625	0	0	1	0	0	0	0
12650	0	0	1	0	0	0	0
12675	0	0	1	0	0	0	0
12700	0	0	1	0	0	0	0
12725	0	0	1	0	0	0	0
12750	0	0	1	0	0	0	0
12775	0	0	1	0	0	0	0
12800	0	0	1	0	0	0	0
12825	0	0	1	0	0	0	0
12850	0	0	1	0	0	0	0
12875	0	0	1	0	0	0	0
12900	0	0	1	0	0	0	0
12925	0	0	1	0	0	0	0
12950	0	0	1	0	0	0	0
12975	0	0	1	0	0	0	0
13000	0	0	1	0	0	0	0
13025	0	0	1	0	0	0	0
13050	0	0	1	0	0	0	0
13075	0	0	1	0	0	0	0
13100	0	0	1	0	0	0	0
13125	0	0	1	0	0	0	0
13150	0	0	1	0	0	0	0
13175	0	0	1	0	0	0	0
13200	0	0	1	0	0	0	0
13225	0	0	1	0	0	0	0
13250	0	0	1	0	0	0	0
13275	0	0	1	0	0	0	0
13300	0	0	1	0	0	0	0
13325	0	0	1	0	0	0	0
13350	0	0	1	0	0	0	0
13375	0	0	1	0	0	0	0
13400	0	0	1	0	0	0	0
13425	0	0	1	0	0	0	0
13450	0	0	1	0	0	0	0
13475	0	0	1	0	0	0	0
13500	0	0	1	0	0	0	0
13525	0	0	1	0	0	0	0
13550	0	0	1	0	0	0	0
13575	0	0	1	0	0	0	0
13600	0	0	1	0	0	0	0
13625	0	0	1	0	0	0	0
13650	0	0	1	0	0	0	0
13675	0	0	1	0	0	0	0
13700	0	0	1	0	0	0	0
13725	0	0	1	0	0	0	0
13750	0	0	1	0	0	0	0
13775	0	0	1	0	0	0	0
13800	0	0	1	0	0	0	0
13825	0	0	1	0	0	0	0
13850	0	0	1	0	0	0	0
13875	0	0	1	0	0	0	0
13900	0	0	1	0	0	0	0
13925	0	0	1	0	0	0	0
13950	0	0	1	0	0	0	0
13975	0	0	1	0	0	0	0
14000	0	0	1	0	0	0	0
14025	0	0	1	0	0	0	0
14050	0	0	1	0	0	0	0
14075	0	0	1	0	0	0	0
14100	0	0	1	0	0	0	0
14125	0	0	1	0	0	0	0
14150	0	0	1	0	0	0	0
14175	0	0	1	0	0	0	0
14200	0	0	1	0	0	0	0
14225	0	0	1	0	0	0	0
14250	0	0	1	0	0	0	0
14275	0	0	1	0	0	0	0
14300	0	0	1	0	0	0	0
14325	0	0	1	0	0	0	0
14350	0	0	1	0	0	0	0
14375	0	0	1	0	0	0	0
14400	0	0	1	0	0	0	0
14425	0	0	1	0	0	0	0
14450	0	0	1	0	0	0	0
14475	0	0	1	0	0	0	0
14500	0	0	1	0	0	0	0
14525	0	0	1	0	0	0	0
14550	0	0	1	0	0	0	0
14575	0	0	1	0	0	0	0
14600	0	0	1	0	0	0	0
14625	0	0	1	0	0	0	0
14650	0	0	1	0	0	0	0
14675	0	0	1	0	0	0	0
14700	0	0	1	0	0	0	0
14725	0	0	1	0	0	0	0
14750	0	0	1	0	0	0	0
14775	0	0	1	0	0	0	0
14800	0	0	1	0	0	0	0
14825	0	0	1	0	0	0	0
14850	0	0	1	0	0	0	0
14875	0	0	1	0	0	0	0
14900	0	0	1	0	0	0	0
14925	0	0	1	0	0	0	0
14950	0	0	1	0	0	0	0
14975	0	0	1	0	0	0	0
15000	0	0	1	0	0	0	0
15025	0	0	1	0	0	0	0
15050	0	0	1	0	0	0	0
15075	0	0	1	0	0	0	0
15100	0	0	1	0	0	0	0
15125	0	0	1	0	0	0	0
15150	0	0	1	0	0	0	0
15175	0	0	1	0	0	0	0
15200	0	0	1	0	0	0	0
15225	0	0	1	0	0	0	0
15250	0	0	1	0	0	0	0
15275	0	0	1	0	0	0	0
15300	0	0	1	0	0	0	0
15325	0	0	1	0	0	0	0
15350	0	0	1	0	0	0	0
15375	0	0	1	0	0	0	0
15400	0	0	1	0	0	0	0
15425	0	0	1	0	0	0	0
15450	0	0	1	0	0	0	0
15475	0	0	1	0	0	0	0
15500	0	0	1	0	0	0	0
15525	0	0	1	0	0	0	0
15550	0	0	1	0	0	0	0
15575	1	0	1	0	0	0	0
15600	1	0	1	0	0	0	0
15625	0	0	1	0	0	0	0
15650	0	0	1	0	0	0	0
15675	0	0	1	0	0	0	0
15700	0	0	1	0	0	0	0
15725	0	0	1	0	0	0	0
15750	0	0	1	0	0	0	0
15775	0	0	1	0	0	0	0
15800	0	0	1	0	0	0	0
15825	0	0	1	0	0	0	0
15850	0	0	1	0	0	0	0
15875	0	0	1	0	0	0	0
15900	0	0	1	0	0	0	0
15925	0	0	1	0	0	0	0
15950	0	0	1	0	0	0	0
15975	0	0	1	0	0	0	0
16000	0	0	1	0	0	0	0
16025	0	0	1	0	0	0	0
16050	0	0	1	0	0	0	0
16075	0	0	1	0	0	0	0
16100	0	0	1	0	0	0	0
16125	0	0	1	0	0	0	0
16150	0	0	1	0	0	0	0
16175	0	0	1	0	0	0	0
16200	0	0	1	0	0	0	0
16225	0	0	1	0	0	0	0
16250	0	0	1	0	0	0	0
16275	0	0	1	0	0	0	0
16300	0	0	1	0	0	0	0
16325	0	0	1	0	0	0	0
16350	0	0	1	0	0	0	0
16375	0	0	1	0	0	0	0
16400	0	0	1	0	0	0	0
16425	0	0	1	0	0	0	0
16450	0	0	1	0	0	0	0
16475	0	0	1	0	0	0	0
16500	0	0	1	0	0	0	0
16525	0	0	1	0	0	0	0
16550	0	0	1	0	0	0	0
16575	0	0	1	0	0	0	0
16600	0	0	1	0	0	0	0
16625	0	0	1	0	0	0	0
16650	0	0	1	0	0	0	0
16675	0	0	1	0	0	0	0
16700	0	0	0	0	0	0	0
16725	0	0	0	0	0	0	0
16750	0	0	1	0	0	0	0
16775	0	0	1	0	0	0	0
16800	0	0	1	0	0	0	0
16825	1	0	1	0	0	0	0
16850	0	0	1	0	0	0	0
16875	0	0	1	0	0	0	0
16900	0	0	1	0	0	0	0
16925	0	0	1	0	0	0	0
16950	0	0	1	0	0	0	0
16975	0	0	1	0	0	0	0
17000	0	0	1	0	0	0	0
17025	1	0	0	0	0	0	0
17050	0	0	0	0	0	0	0
17075	0	0	0	0	0	0	0
17100	1	0	0	0	0	0	0
17125	0	0	0	0	0	0	0
17150	0	0	0	0	0	0	0
17175	0	0	1	0	0	0	0
17200	0	0	1	0	0	0	0
17225	0	0	1	0	0	0	0
17250	0	0	1	0	0	0	0
17275	0	0	1	0	0	0	0
17300	0	0	1	0	0	0	0
17325	0	0	1	0	0	0	0
17350	0	0	1	0	0	0	0
17375	0	0	0	0	0	0	0
17400	0	0	0	0	0	0	0
17425	0	0	0	0	0	0	0
17450	0	0	0	0	0	0	0
17475	0	0	0	0	0	0	0
17500	0	0	0	0	0	0	0
17525	0	0	0	0	0	0	0
17550	0	0	0	0	0	0	0
17575	0	0	0	0	0	0	0
17600	0	0	0	0	0	0	0
17625	0	0	0	0	0	0	0
17650	0	0	0	0	0	0	0
17675	0	0	0	0	0	0	0
17700	0	0	0	0	0	0	0
17725	0	0	0	0	0	0	0
17750	0	0	0	0	1	0	0
17775	0	0	0	0	1	0	0
17800	0	0	0	0	1	0	0
17825	0	0	0	0	1	0	0
17850	0	0	0	0	1	0	0
17875	0	0	0	0	1	0	0
17900	0	0	0	0	1	0	0
17925	0	0	0	0	1	0	0
17950	0	0	0	0	1	0	0
17975	0	0	0	0	1	0	0
18000	0	0	0	0	1	0	0
18025	0	0	0	0	1	0	0
18050	0	0	0	0	1	0	0
18075	0	0	0	0	1	0	0
18100	0	0	0	0	1	0	0
18125	0	0	0	0	1	0	0
18150	0	0	0	0	1	0	0
18175	0	0	0	0	1	0	0
18200	0	0	0	0	1	0	0
18225	0	0	0	0	1	0	0
18250	0	0	0	0	1	0	0
18275	0	0	0	0	1	0	0
18300	0	0	0	0	1	0	0
18325	0	0	0	0	1	0	0
18350	0	0	0	0	1	0	0
18375	0	0	0	0	0	0	0
18400	0	0	0	0	0	0	0
18425	0	0	0	0	0	0	0
18450	0	0	0	0	0	0	0
18475	0	0	0	0	0	0	0
18500	0	0	0	1	0	0	0
18525	0	0	0	1	0	0	0
18550	0	0	0	1	0	0	0
18575	0	0	0	1	0	0	0
18600	0	0	0	1	0	0	0
18625	0	0	0	1	0	0	0
18650	0	0	0	1	0	0	0
18675	0	0	0	1	0	0	0
18700	0	0	0	1	0	0	0
18725	0	0	0	1	0	0	0
18750	0	0	0	0	0	0	0
18775	0	0	0	0	0	0	0
18800	0	0	0	0	0	0	0
18825	0	0	0	0	0	0	0
18850	1	0	0	0	0	0	0
18875	1	0	0	0	0	0	0
18900	1	0	0	0	0	0	0
18925	0	0	0	0	0	0	0
18950	0	0	0	0	0	0	0
18975	0	0	0	0	0	0	0
19000	0	0	0	0	0	0	0
19025	1	0	0	0	0	0	0
19050	1	0	0	0	0	0	0
19075	1	0	0	0	0	0	0
19100	1	0	0	0	0	0	0
19125	1	0	0	0	0	0	0
19150	1	0	0	0	0	0	0
19175	0	0	0	0	0	0	0
19200	0	0	0	0	0	0	0
19225	0	0	0	0	0	0	0
19250	1	0	0	0	0	0	0
19275	1	0	0	0	0	0	0
19300	1	0	0	0	0	0	0
19325	1	0	0	0	0	0	0
19350	1	0	0	0	0	0	0
19375	1	0	0	0	0	0	0
19400	1	0	0	0	0	0	0
19425	1	0	0	0	0	0	0
19450	1	0	0	0	0	0	0
19475	1	0	0	0	0	0	0
19500	1	0	0	0	0	0	0
19525	1	0	0	0	0	0	0
19550	1	0	0	0	0	0	0
19575	1	0	0	0	0	0	0
19600	1	0	0	0	0	0	0
19625	1	0	0	0	0	0	0
19650	1	0	0	0	0	0	0
19675	1	0	0	0	0	0	0
19700	1	0	0	0	0	0	0
19725	1	0	0	0	0	0	0
19750	1	0	0	0	0	0	0
19775	1	0	0	0	0	0	0
19800	1	0	0	0	0	0	0
19825	1	0	0	0	0	0	0
19850	1	0	0	0	0	0	0
19875	1	0	0	0	0	0	0
19900	1	0	0	0	0	0	0
19925	1	0	0	0	0	0	0
19950	0	0	0	0	0	0	0
19975	0	0	0	0	0	0	0
20000	0	0	0	0	0	0	0
20025	0	0	0	0	0	0	0
20050	0	0	0	0	0	0	0
20075	0	0	0	0	0	0	0
20100	0	0	0	0	0	0	0
20125	0	0	0	0	0	0	0
20150	0	0	0	0	0	0	0
20175	0	0	0	0	0	0	0
20200	0	0	0	0	0	0	0
20225	0	0	0	0	0	0	0
20250	0	0	0	0	0	0	0
20275	0	0	0	0	0	0	0
20300	0	0	0	0	0	0	0
20325	0	0	0	0	0	0	0
20350	0	0	1	0	0	0	0
20375	0	0	1	0	0	0	0
20400	0	0	1	0	0	0	0
20425	0	0	1	0	0	0	0
20450	0	0	1	0	0	0	0
20475	0	0	1	0	0	0	0
20500	0	0	1	0	0	0	0
20525	0	0	1	0	0	0	0
20550	0	0	1	0	0	0	0
20575	1	0	1	0	0	0	0
20600	1	0	1	0	0	0	0
20625	1	0	1	0	0	0	0
20650	0	0	0	0	0	0	0
20675	0	0	0	0	0	0	0
20700	0	0	0	0	0	0	0
20725	0	0	0	0	0	0	0
20750	0	0	0	0	0	0	0
20775	0	0	1	0	0	0	0
20800	1	0	1	0	0	0	0
20825	1	0	1	0	0	0	0
20850	1	0	1	0	0	0	0
20875	1	0	1	0	0	0	0
20900	1	0	1	0	0	0	0
20925	1	0	1	0	0	0	0
20950	0	0	1	0	0	0	0
20975	0	0	1	0	0	0	0
21000	0	0	1	0	0	0	0
21025	0	0	1	0	0	0	0
21050	0	0	1	0	0	0	0
21075	0	0	1	0	0	0	0
21100	0	0	0	0	0	0	0
21125	0	0	1	0	0	0	0
21150	0	0	1	0	0	0	0
21175	0	0	1	0	0	0	0
21200	0	0	1	0	0	0	0
21225	0	0	1	0	0	0	0
21250	0	0	1	0	0	0	0
21275	0	0	1	0	0	0	0
21300	0	0	1	0	0	0	0
21325	0	0	1	0	0	0	0
21350	0	0	1	0	0	0	0
21375	0	0	1	0	0	0	0
21400	0	0	1	0	0	0	0
21425	0	0	1	0	0	0	0
21450	0	0	1	0	0	0	0
21475	0	0	1	0	0	0	0
21500	0	0	1	0	0	0	0
21525	0	0	1	0	0	0	0
21550	0	0	1	0	0	0	0
21575	0	0	1	0	0	0	0
21600	0	0	1	0	0	0	0
21625	0	0	1	0	0	0	0
21650	0	0	1	0	0	0	0
21675	0	0	1	0	0	0	0
21700	0	0	1	0	0	0	0
21725	0	0	1	0	0	0	0
21750	0	0	1	0	0	0	0
21775	0	0	1	0	0	0	0
21800	0	0	0	0	0	0	0
21825	0	0	1	0	0	0	0
21850	0	0	1	0	0	0	0
21875	0	0	1	0	0	0	0
21900	0	0	1	0	0	0	0
21925	0	0	1	0	0	0	0
21950	0	0	1	0	0	0	0
21975	0	0	1	0	0	0	0
22000	0	0	1	0	0	0	0
22025	0	0	1	0	0	0	0
22050	0	0	1	0	0	0	0
22075	0	0	1	0	0	0	0
22100	0	0	1	0	0	0	0
22125	0	0	1	0	0	0	0
22150	0	0	1	0	0	0	0
22175	0	0	1	0	0	0	0
22200	0	0	1	0	0	0	0
22225	0	0	1	0	0	0	0
22250	0	0	1	0	0	0	0
22275	0	0	1	0	0	0	0
22300	0	0	1	0	0	0	0
22325	0	0	1	0	0	0	0
22350	0	0	1	0	0	0	0
22375	0	0	1	0	0	0	0
22400	0	0	1	0	0	0	0
22425	0	0	1	0	0	0	0
22450	0	0	1	0	0	0	0
22475	0	0	1	0	0	0	0
22500	0	0	1	0	0	0	0
22525	0	0	1	0	0	0	0
22550	0	0	1	0	0	0	0
22575	0	0	1	0	0	0	0
22600	0	0	1	0	0	0	0
22625	0	0	1	0	0	0	0
22650	0	0	1	0	0	0	0
22675	0	0	1	0	0	0	0
22700	0	0	1	0	0	0	0
22725	0	0	1	0	0	0	0
22750	0	0	1	0	0	0	0
22775	0	0	1	0	0	0	0
22800	0	0	1	0	0	0	0
22825	0	0	1	0	0	0	0
22850	0	0	1	0	0	0	0
22875	0	0	1	0	0	0	0
22900	0	0	1	0	0	0	0
22925	0	0	1	0	0	0	0
22950	0	0	1	0	0	0	0
22975	0	0	1	0	0	0	0
23000	0	0	1	0	0	0	0
23025	0	0	1	0	0	0	0
23050	0	0	1	0	0	0	0
23075	0	0	1	0	0	0	0
23100	0	0	1	0	0	0	0
23125	0	0	1	0	0	0	0
23150	0	0	1	0	0	0	0
23175	0	0	1	0	0	0	0
23200	0	0	1	0	0	0	0
23225	0	0	1	0	0	0	0
23250	0	0	1	0	0	0	0
23275	0	0	1	0	0	0	0
23300	0	0	1	0	0	0	0
23325	0	0	1	0	0	0	0
23350	0	0	0	0	0	0	0
23375	0	0	1	0	0	0	0
23400	0	0	1	0	0	0	0
23425	0	0	1	0	0	0	0
23450	0	0	1	0	0	0	0
23475	0	0	1	0	0	0	0
23500	0	0	1	0	0	0	0
23525	0	0	1	0	0	0	0
23550	0	0	1	0	0	0	0
23575	0	0	0	0	0	0	0
23600	0	0	1	0	0	0	0
23625	0	0	1	0	0	0	0
23650	0	0	1	0	0	0	0
23675	0	0	0	0	0	0	0
23700	0	0	0	0	0	0	0
23725	0	0	0	0	0	0	0
23750	0	0	0	0	0	0	0
23775	0	0	0	0	0	0	0
23800	0	0	0	0	0	0	0
23825	0	0	0	0	0	0	0
23850	0	0	0	0	0	0	0
23875	0	0	0	0	0	0	0
23900	0	0	0	0	0	0	0
23925	0	0	0	0	0	0	0
23950	0	0	0	0	0	0	0
23975	0	0	0	0	0	0	0
24000	0	0	0	0	0	0	0
24025	0	0	0	0	0	0	0
24050	0	0	0	0	0	0	0
24075	0	0	0	0	0	0	0
24100	0	0	0	0	0	0	0
24125	0	0	0	0	0	0	0
24150	0	0	0	0	0	0	0
24175	0	0	0	0	0	0	0
24200	0	0	0	0	0	0	0
24225	0	0	0	0	0	0	0
24250	0	0	0	0	0	0	0
24275	0	0	0	0	0	0	0
24300	0	0	0	0	0	0	0
24325	0	0	0	0	0	0	0
24350	0	0	0	0	0	0	0
24375	0	0	0	0	0	0	0
24400	0	0	0	0	0	0	0
24425	0	0	0	0	0	0	0
24450	1	0	0	0	0	0	0
24475	1	0	0	0	0	0	0
24500	0	0	0	0	0	0	0
24525	0	0	0	0	0	0	0
24550	0	0	0	0	0	0	0
24575	0	0	1	0	0	0	0
24600	0	0	1	0	0	0	0
24625	0	0	1	0	0	0	0
24650	0	0	1	0	0	0	0
24675	1	0	1	0	0	0	0
24700	1	0	1	0	0	0	0
24725	1	0	1	0	0	0	0
24750	1	0	1	0	0	0	0
24775	0	0	0	0	0	0	0
24800	0	0	1	0	0	0	0
24825	1	0	1	0	0	0	0
24850	0	0	1	0	0	0	0
24875	0	0	1	0	0	0	0
24900	0	0	1	0	0	0	0
24925	0	0	1	0	0	0	0
24950	0	0	1	0	0	0	0
24975	1	0	1	0	0	0	0
25000	1	0	1	0	0	0	0
25025	0	0	1	0	0	0	0
25050	0	0	1	0	0	0	0
25075	0	0	1	0	0	0	0
25100	0	0	1	0	0	0	0
25125	0	0	1	0	0	0	0
25150	0	0	1	0	0	0	0
25175	1	0	1	0	0	0	0
25200	1	0	1	0	0	0	0
25225	1	0	1	0	0	0	0
25250	0	0	1	0	0	0	0
25275	0	0	1	0	0	0	0
25300	0	0	0	0	0	0	0
25325	0	0	0	0	0	0	0
25350	0	0	1	0	0	0	0
25375	0	0	1	0	0	0	0
25400	0	0	1	0	0	0	0
25425	0	0	1	0	0	0	0
25450	0	0	1	0	0	0	0
25475	0	0	1	0	0	0	0
25500	0	0	0	0	0	0	0
25525	0	0	0	0	0	0	0
25550	0	0	0	0	0	0	0
25575	0	0	1	0	0	0	0
25600	0	0	1	0	0	0	0
25625	0	0	0	0	0	0	0
25650	0	0	0	0	0	0	0
25675	0	0	0	0	0	0	0
25700	0	0	0	0	0	0	0
25725	0	0	0	0	0	0	0
25750	0	0	0	0	0	0	0
25775	0	0	0	0	0	0	0
25800	0	0	0	0	0	0	0
25825	0	0	0	0	0	0	0
25850	0	0	0	0	0	0	0
25875	0	0	0	0	0	0	0
25900	0	0	0	0	0	0	0
25925	0	0	0	0	0	0	0
25950	0	0	0	0	0	0	0
25975	0	0	0	0	0	0	0
26000	0	0	0	0	0	0	0
26025	0	0	0	0	0	0	0
26050	0	0	0	0	0	0	0
26075	0	0	0	0	0	0	0
26100	0	0	0	0	0	0	0
26125	0	0	0	0	0	0	0
26150	0	0	0	0	0	0	0
26175	0	0	1	0	0	0	0
26200	0	0	1	0	0	0	0
26225	0	0	1	0	0	0	0
26250	0	0	1	0	0	0	0
26275	0	0	1	0	0	0	0
26300	0	0	1	0	0	0	0
26325	0	0	1	0	0	0	0
26350	1	0	1	0	0	0	0
26375	0	0	1	0	0	0	0
26400	0	0	1	0	0	0	0
26425	0	0	1	0	0	0	0
26450	0	0	1	0	0	0	0
26475	0	0	0	0	0	0	0
26500	0	0	1	0	0	0	0
26525	1	0	0	0	0	0	0
26550	1	0	1	0	0	0	0
26575	1	0	1	0	0	0	0
26600	1	0	1	0	0	0	0
26625	1	0	1	0	0	0	0
26650	0	0	1	0	0	0	0
26675	0	0	1	0	0	0	0
26700	0	0	1	0	0	0	0
26725	0	0	1	0	0	0	0
26750	0	0	1	0	0	0	0
26775	0	0	1	0	0	0	0
26800	0	0	1	0	0	0	0
26825	0	0	1	0	0	0	0
26850	0	0	1	0	0	0	0
26875	0	0	1	0	0	0	0
26900	0	0	1	0	0	0	0
26925	0	0	1	0	0	0	0
26950	0	0	1	0	0	0	0
26975	0	0	1	0	0	0	0
27000	0	0	1	0	0	0	0
27025	0	0	1	0	0	0	0
27050	0	0	1	0	0	0	0
27075	0	0	1	0	0	0	0
27100	0	0	1	0	0	0	0
27125	0	0	1	0	0	0	0
27150	0	0	1	0	0	0	0
27175	0	0	1	0	0	0	0
27200	0	0	1	0	0	0	0
27225	0	0	0	0	0	0	0
27250	1	0	1	0	0	0	0
27275	1	0	1	0	0	0	0
27300	1	0	1	0	0	0	0
27325	1	0	1	0	0	0	0
27350	0	0	1	0	0	0	0
27375	0	0	1	0	0	0	0
27400	1	0	1	0	0	0	0
27425	1	0	1	0	0	0	0
27450	0	0	1	0	0	0	0
27475	0	0	1	0	0	0	0
27500	0	0	1	0	0	0	0
27525	0	0	1	0	0	0	0
27550	0	0	1	0	0	0	0
27575	0	0	1	0	0	0	0
27600	0	0	1	0	0	0	0
27625	0	0	1	0	0	0	0
27650	0	0	1	0	0	0	0
27675	0	0	1	0	0	0	0
27700	0	0	0	0	0	0	0
27725	0	0	1	0	0	0	0
27750	0	0	1	0	0	0	0
27775	0	0	1	0	0	0	0
27800	0	0	1	0	0	0	0
27825	0	0	1	0	0	0	0
27850	0	0	1	0	0	0	0
27875	0	0	1	0	0	0	0
27900	0	0	1	0	0	0	0
27925	0	0	1	0	0	0	0
27950	0	0	1	0	0	0	0
27975	0	0	1	0	0	0	0
28000	0	0	1	0	0	0	0
28025	0	0	1	0	0	0	0
28050	0	0	1	0	0	0	0
28075	0	0	1	0	0	0	0
28100	0	0	1	0	0	0	0
28125	0	0	1	0	0	0	0
28150	0	0	1	0	0	0	0
28175	0	0	1	0	0	0	0
28200	0	0	1	0	0	0	0
28225	0	0	1	0	0	0	0
28250	0	0	1	0	0	0	0
28275	0	0	1	0	0	0	0
28300	0	0	1	0	0	0	0
28325	0	0	1	0	0	0	0
28350	0	0	1	0	0	0	0
28375	0	0	1	0	0	0	0
28400	0	0	1	0	0	0	0
28425	0	0	1	0	0	0	0
28450	0	0	1	0	0	0	0
28475	0	0	1	0	0	0	0
28500	0	0	1	0	0	0	0
28525	0	0	1	0	0	0	0
28550	0	0	1	0	0	0	0
28575	0	0	1	0	0	0	0
28600	0	0	1	0	0	0	0
28625	0	0	0	0	0	0	0
28650	0	0	1	0	0	0	0
28675	0	0	1	0	0	0	0
28700	0	0	1	0	0	0	0
28725	0	0	1	0	0	0	0
28750	0	0	1	0	0	0	0
28775	0	0	1	0	0	0	0
28800	0	0	1	0	0	0	0
28825	0	0	1	0	0	0	0
28850	0	0	1	0	0	0	0
28875	0	0	1	0	0	0	0
28900	0	0	1	0	0	0	0
28925	0	0	1	0	0	0	0
28950	0	0	1	0	0	0	0
28975	0	0	1	0	0	0	0
29000	0	0	0	0	0	0	0
29025	0	0	1	0	0	0	0
29050	0	0	1	0	0	0	0
29075	0	0	1	0	0	0	0
29100	0	0	1	0	0	0	0
29125	1	0	1	0	0	0	0
29150	1	0	1	0	0	0	0
29175	1	0	1	0	0	0	0
29200	1	0	1	0	0	0	0
29225	1	0	1	0	0	0	0
29250	0	0	1	0	0	0	0
29275	0	0	1	0	0	0	0
29300	0	0	1	0	0	0	0
29325	0	0	1	0	0	0	0
29350	0	0	1	0	0	0	0
29375	0	0	1	0	0	0	0
29400	0	0	1	0	0	0	0
29425	0	0	1	0	0	0	0
29450	0	0	1	0	0	0	0
29475	0	0	1	0	0	0	0
29500	0	0	1	0	0	0	0
29525	0	0	1	0	0	0	0
29550	0	0	1	0	0	0	0
29575	0	0	1	0	0	0	0
29600	0	0	1	0	0	0	0
29625	0	0	1	0	0	0	0
29650	0	0	1	0	0	0	0
29675	0	0	1	0	0	0	0
29700	0	0	1	0	0	0	0
29725	0	0	1	0	0	0	0
29750	0	0	1	0	0	0	0
29775	0	0	1	0	0	0	0
29800	0	0	1	0	0	0	0
29825	0	0	1	0	0	0	0
29850	0	0	1	0	0	0	0
29875	0	0	1	0	0	0	0
29900	0	0	1	0	0	0	0
29925	0	0	1	0	0	0	0
29950	0	0	1	0	0	0	0
29975	0	0	1	0	0	0	0
30000	0	0	1	0	0	0	0
30025	0	0	1	0	0	0	0
30050	0	0	1	0	0	0	0
30075	0	0	1	0	0	0	0
30100	0	0	1	0	0	0	0
30125	0	0	1	0	0	0	0
30150	0	0	1	0	0	0	0
30175	0	0	1	0	0	0	0
30200	0	0	1	0	0	0	0
30225	0	0	1	0	0	0	0
30250	0	0	1	0	0	0	0
30275	0	0	1	0	0	0	0
30300	0	0	1	0	0	0	0
30325	0	0	1	0	0	0	0
30350	0	0	0	0	0	0	0
30375	0	0	1	0	0	0	0
30400	0	0	1	0	0	0	0
30425	0	0	1	0	0	0	0
30450	0	0	1	0	0	0	0
30475	0	0	1	0	0	0	0
30500	0	0	1	0	0	0	0
30525	0	0	1	0	0	0	0
30550	0	0	1	0	0	0	0
30575	0	0	1	0	0	0	0
30600	0	0	1	0	0	0	0
30625	0	0	1	0	0	0	0
30650	0	0	0	0	0	0	0
30675	0	0	1	0	0	0	0
30700	0	0	1	0	0	0	0
30725	0	0	1	0	0	0	0
30750	0	0	1	0	0	0	0
30775	0	0	1	0	0	0	0
30800	0	0	1	0	0	0	0
30825	0	0	1	0	0	0	0
30850	0	0	1	0	0	0	0
30875	0	0	1	0	0	0	0
30900	0	0	1	0	0	0	0
30925	0	0	1	0	0	0	0
30950	0	0	1	0	0	0	0
30975	0	0	1	0	0	0	0
31000	0	0	1	0	0	0	0
31025	0	0	1	0	0	0	0
31050	0	0	1	0	0	0	0
31075	0	0	1	0	0	0	0
31100	0	0	1	0	0	0	0
31125	0	0	1	0	0	0	0
31150	0	0	1	0	0	0	0
31175	0	0	1	0	0	0	0
31200	0	0	1	0	0	0	0
31225	0	0	1	0	0	0	0
31250	0	0	1	0	0	0	0
31275	0	0	1	0	0	0	0
31300	0	0	1	0	0	0	0
31325	0	0	1	0	0	0	0
31350	0	0	1	0	0	0	0
31375	0	0	1	0	0	0	0
31400	0	0	1	0	0	0	0
31425	0	0	1	0	0	0	0
31450	0	0	1	0	0	0	0
31475	0	0	1	0	0	0	0
31500	0	0	1	0	0	0	0
31525	0	0	1	0	0	0	0
31550	0	0	1	0	0	0	0
31575	0	0	1	0	0	0	0
31600	0	0	1	0	0	0	0
31625	0	0	1	0	0	0	0
31650	0	0	1	0	0	0	0
31675	0	0	1	0	0	0	0
31700	0	0	1	0	0	0	0
31725	0	0	1	0	0	0	0
31750	0	0	1	0	0	0	0
31775	0	0	1	0	0	0	0
31800	0	0	1	0	0	0	0
31825	0	0	1	0	0	0	0
31850	0	0	1	0	0	0	0
31875	0	0	1	0	0	0	0
31900	0	0	1	0	0	0	0
31925	0	0	1	0	0	0	0
31950	0	0	0	0	0	0	0
31975	0	0	1	0	0	0	0
32000	0	0	1	0	0	0	0
32025	0	0	1	0	0	0	0
32050	0	0	1	0	0	0	0
32075	0	0	1	0	0	0	0
32100	0	0	1	0	0	0	0
32125	0	0	1	0	0	0	0
32150	0	0	1	0	0	0	0
32175	0	0	1	0	0	0	0
32200	0	0	1	0	0	0	0
32225	0	0	1	0	0	0	0
32250	0	0	1	0	0	0	0
32275	0	0	1	0	0	0	0
32300	0	0	1	0	0	0	0
32325	0	0	1	0	0	0	0
32350	0	0	1	0	0	0	0
32375	0	0	1	0	0	0	0
32400	0	0	1	0	0	0	0
32425	0	0	1	0	0	0	0
32450	0	0	1	0	0	0	0
32475	0	0	1	0	0	0	0
32500	0	0	1	0	0	0	0
32525	0	0	1	0	0	0	0
32550	0	0	1	0	0	0	0
32575	0	0	1	0	0	0	0
32600	0	0	1	0	0	0	0
32625	0	0	1	0	0	0	0
32650	0	0	1	0	0	0	0
32675	0	0	1	0	0	0	0
32700	0	0	1	0	0	0	0
32725	0	0	1	0	0	0	0
32750	0	0	1	0	0	0	0
32775	0	0	1	0	0	0	0
32800	0	0	1	0	0	0	0
32825	0	0	1	0	0	0	0
32850	0	0	1	0	0	0	0
32875	0	0	1	0	0	0	0
32900	0	0	1	0	0	0	0
32925	0	0	1	0	0	0	0
32950	0	0	1	0	0	0	0
32975	0	0	1	0	0	0	0
33000	0	0	1	0	0	0	0
33025	0	0	1	0	0	0	0
33050	0	0	1	0	0	0	0
33075	0	0	1	0	0	0	0
33100	0	0	1	0	0	0	0
33125	0	0	1	0	0	0	0
33150	0	0	1	0	0	0	0
33175	0	0	1	0	0	0	0
33200	0	0	1	0	0	0	0
33225	0	0	1	0	0	0	0
33250	0	0	1	0	0	0	0
33275	0	0	1	0	0	0	0
33300	0	0	1	0	0	0	0
33325	0	0	1	0	0	0	0
33350	0	0	1	0	0	0	0
33375	0	0	1	0	0	0	0
33400	0	0	1	0	0	0	0
33425	0	0	1	0	0	0	0
33450	0	0	1	0	0	0	0
33475	0	0	1	0	0	0	0
33500	0	0	1	0	0	0	0
33525	0	0	1	0	0	0	0
33550	0	0	1	0	0	0	0
33575	0	0	1	0	0	0	0
33600	0	0	1	0	0	0	0
33625	0	0	1	0	0	0	0
33650	0	0	1	0	0	0	0
33675	0	0	1	0	0	0	0
33700	0	0	1	0	0	0	0
33725	0	0	1	0	0	0	0
33750	0	0	1	0	0	0	0
33775	0	0	1	0	0	0	0
33800	0	0	1	0	0	0	0
33825	0	0	1	0	0	0	0
33850	1	0	0	0	0	0	0
33875	1	0	0	0	0	0	0
33900	1	0	0	0	0	0	0
33925	1	0	0	0	0	0	0
33950	1	0	1	0	0	0	0
33975	1	0	1	0	0	0	0
34000	0	0	1	0	0	0	0
34025	0	0	1	0	0	0	0
34050	0	0	1	0	0	0	0
34075	0	0	1	0	0	0	0
34100	0	0	1	0	0	0	0
34125	0	0	1	0	0	0	0
34150	0	0	1	0	0	0	0
34175	0	0	1	0	0	0	0
34200	0	0	1	0	0	0	0
34225	0	0	1	0	0	0	0
34250	0	0	1	0	0	0	0
34275	0	0	1	0	0	0	0
34300	0	0	1	0	0	0	0
34325	0	0	1	0	0	0	0
34350	0	0	1	0	0	0	0
34375	0	0	1	0	0	0	0
34400	0	0	1	0	0	0	0
34425	0	0	1	0	0	0	0
34450	0	0	1	0	0	0	0
34475	0	0	1	0	0	0	0
34500	0	0	1	0	0	0	0
34525	0	0	1	0	0	0	0
34550	0	0	1	0	0	0	0
34575	0	0	1	0	0	0	0
34600	0	0	1	0	0	0	0
34625	0	0	1	0	0	0	0
34650	1	0	1	0	0	0	0
34675	1	0	1	0	0	0	0
34700	0	0	1	0	0	0	0
34725	0	0	1	0	0	0	0
34750	0	0	1	0	0	0	0
34775	0	0	1	0	0	0	0
34800	0	0	1	0	0	0	0
34825	0	0	1	0	0	0	0
34850	0	0	1	0	0	0	0
34875	0	0	1	0	0	0	0
34900	0	0	1	0	0	0	0
34925	0	0	1	0	0	0	0
34950	1	0	1	0	0	0	0
34975	1	0	1	0	0	0	0
35000	0	0	1	0	0	0	0
35025	0	0	1	0	0	0	0
35050	0	0	1	0	0	0	0
35075	0	0	1	0	0	0	0
35100	0	0	1	0	0	0	0
35125	0	0	1	0	0	0	0
35150	0	0	1	0	0	0	0
35175	0	0	1	0	0	0	0
35200	0	0	0	0	0	0	0
35225	1	0	0	0	0	0	0
35250	1	0	0	0	0	0	0
35275	1	0	0	0	0	0	0
35300	1	0	0	0	0	0	0
35325	1	0	0	0	0	0	0
35350	1	0	0	0	0	0	0
35375	1	0	0	0	0	0	0
35400	1	0	0	0	0	0	0
35425	1	0	0	0	0	0	0
35450	1	0	0	0	0	0	0
35475	0	0	0	0	0	0	0
35500	0	0	0	0	0	0	0
35525	0	0	0	0	0	0	0
35550	0	0	0	0	0	0	0
35575	0	0	0	0	0	0	0
35600	0	0	0	0	0	0	0
35625	0	0	0	0	0	0	0
35650	1	0	0	0	0	0	0
35675	1	0	0	0	0	0	0
35700	0	0	0	0	0	0	0
35725	0	0	0	0	0	0	0
35750	0	0	0	0	0	0	0
35775	0	0	0	0	0	0	0
35800	1	0	0	0	0	0	0
35825	1	0	0	0	0	0	0
35850	0	0	0	0	0	0	0
35875	0	0	0	0	0	0	0
35900	0	0	0	0	0	0	0
35925	1	0	0	0	0	0	0
35950	1	0	0	0	0	0	0
35975	0	0	0	0	0	0	0
36000	1	0	0	0	0	0	0
36025	1	0	0	0	0	0	0
36050	1	0	0	0	0	0	0
36075	0	0	0	0	0	0	0
36100	1	0	1	0	0	0	0
36125	1	0	1	0	0	0	0
36150	1	0	1	0	0	0	0
36175	1	0	1	0	0	0	0
36200	1	0	1	0	0	0	0
36225	1	0	1	0	0	0	0
36250	1	0	1	0	0	0	0
36275	1	0	1	0	0	0	0
36300	0	0	1	0	0	0	0
36325	0	0	1	0	0	0	0
36350	0	0	1	0	0	0	0
36375	0	0	0	0	0	0	0
36400	0	0	0	0	0	0	0
36425	1	0	0	0	0	0	0
36450	0	0	0	0	0	0	0
36475	0	0	0	0	0	0	0
36500	0	0	0	0	0	0	0
36525	0	0	0	0	0	0	0
36550	0	0	0	0	0	0	0
36575	0	0	0	0	0	0	0
36600	0	0	1	0	0	0	0
36625	0	0	1	0	0	0	0
36650	0	0	1	0	0	0	0
36675	0	0	1	0	0	0	0
36700	0	0	1	0	0	0	0
36725	0	0	1	0	0	0	0
36750	0	0	1	0	0	0	0
36775	0	0	1	0	0	0	0
36800	0	0	1	0	0	0	0
36825	0	0	1	0	0	0	0
36850	0	0	1	0	0	0	0
36875	0	0	1	0	0	0	0
36900	0	0	1	0	0	0	0
36925	0	0	1	0	0	0	0
36950	0	0	1	0	0	0	0
36975	0	0	1	0	0	0	0
37000	0	0	1	0	0	0	0
37025	0	0	1	0	0	0	0
37050	0	0	1	0	0	0	0
37075	0	0	1	0	0	0	0
37100	0	0	1	0	0	0	0
37125	0	0	1	0	0	0	0
37150	0	0	1	0	0	0	0
37175	0	0	1	0	0	0	0
37200	0	0	1	0	0	0	0
37225	0	0	1	0	0	0	0
37250	0	0	1	0	0	0	0
37275	0	0	1	0	0	0	0
37300	0	0	1	0	0	0	0
37325	0	0	1	0	0	0	0
37350	0	0	0	0	0	0	0
37375	0	0	0	0	0	0	0
37400	0	0	1	0	0	0	0
37425	0	0	1	0	0	0	0
37450	0	0	1	0	0	0	0
37475	0	0	1	0	0	0	0
37500	0	0	1	0	0	0	0
37525	0	0	1	0	0	0	0
37550	0	0	1	0	0	0	0
37575	0	0	1	0	0	0	0
37600	0	0	1	0	0	0	0
37625	0	0	1	0	0	0	0
37650	0	0	1	0	0	0	0
37675	0	0	1	0	0	0	0
37700	0	0	1	0	0	0	0
37725	0	0	0	0	0	0	0
37750	0	0	0	0	0	0	0
37775	0	0	1	0	0	0	0
37800	0	0	1	0	0	0	0
37825	0	0	1	0	0	0	0
37850	0	0	1	0	0	0	0
37875	1	0	1	0	0	0	0
37900	1	0	1	0	0	0	0
37925	1	0	1	0	0	0	0
37950	1	0	0	0	0	0	0
37975	0	0	0	0	0	0	0
38000	1	0	0	0	0	0	0
38025	1	0	1	0	0	0	0
38050	1	0	1	0	0	0	0
38075	0	0	1	0	0	0	0
38100	0	0	1	0	0	0	0
38125	0	0	1	0	0	0	0
38150	0	0	1	0	0	0	0
38175	0	0	1	0	0	0	0
38200	0	0	1	0	0	0	0
38225	0	0	1	0	0	0	0
38250	0	0	0	0	0	0	0
38275	0	0	0	0	0	0	0
38300	0	0	1	0	0	0	0
38325	0	0	1	0	0	0	0
38350	0	0	1	0	0	0	0
38375	0	0	1	0	0	0	0
38400	0	0	1	0	0	0	0
38425	0	0	0	0	0	0	0
38450	0	0	0	0	0	0	0
38475	0	0	0	0	0	0	0
38500	0	0	0	0	0	0	0
38525	0	0	0	0	0	0	0
38550	0	0	0	0	0	0	0
38575	0	0	0	0	0	0	0
38600	0	0	0	0	0	0	0
38625	0	0	0	0	0	0	0
38650	0	0	0	0	0	0	0
38675	0	0	0	0	0	0	0
38700	0	0	0	0	0	0	0
38725	0	0	0	0	0	0	0
38750	0	0	0	0	0	0	0
38775	0	0	0	0	0	0	0
38800	0	0	0	0	0	0	0
38825	0	0	0	0	0	0	0
38850	0	0	0	0	0	0	0
38875	0	0	0	0	0	0	0
38900	0	0	0	0	0	0	0
38925	0	0	0	0	0	0	0
38950	0	0	0	0	0	0	0
38975	0	0	0	0	0	0	0
39000	0	0	0	0	0	0	0
39025	0	0	0	0	0	0	0
39050	0	0	0	0	0	0	0
39075	0	0	0	0	0	0	0
39100	0	0	0	0	0	0	0
39125	0	0	0	0	0	0	0
39150	0	0	0	0	0	0	0
39175	0	0	0	0	0	0	0
39200	0	0	0	0	0	0	0
39225	0	0	0	0	0	0	0
39250	0	0	0	0	0	0	0
39275	0	0	0	0	0	0	0
39300	0	0	0	0	0	0	0
39325	0	0	0	0	0	0	0
39350	0	0	0	0	0	0	0
39375	0	0	0	0	0	0	0
39400	0	0	0	0	0	0	0
39425	0	0	0	0	0	0	0
39450	0	0	0	0	0	0	0
39475	0	0	0	0	0	0	0
39500	0	0	0	0	0	0	0
39525	0	0	0	0	0	0	0
39550	0	0	0	0	0	0	0
39575	0	0	0	0	0	0	0
39600	0	0	0	0	0	0	0
39625	0	0	0	0	0	0	0
39650	0	0	0	0	0	0	0
39675	0	0	1	0	0	0	0
39700	0	0	1	0	0	0	0
39725	0	0	1	0	0	0	0
39750	0	0	1	0	0	0	0
39775	1	0	1	0	0	0	0
39800	1	0	1	0	0	0	0
39825	1	0	1	0	0	0	0
39850	1	0	1	0	0	0	0
39875	1	0	1	0	0	0	0
39900	1	0	1	0	0	0	0
39925	1	0	1	0	0	0	0
39950	1	0	1	0	0	0	0
39975	1	0	1	0	0	0	0
40000	1	0	1	0	0	0	0
40025	1	0	1	0	0	0	0
40050	0	0	1	0	0	0	0
40075	0	0	1	0	0	0	0
40100	0	0	1	0	0	0	0
40125	0	0	1	0	0	0	0
40150	1	0	1	0	0	0	0
40175	1	0	1	0	0	0	0
40200	1	0	1	0	0	0	0
40225	0	0	1	0	0	0	0
40250	0	0	1	0	0	0	0
40275	0	0	1	0	0	0	0
40300	0	0	1	0	0	0	0
40325	0	0	1	0	0	0	0
40350	0	0	1	0	0	0	0
40375	1	0	1	0	0	0	0
40400	1	0	1	0	0	0	0
40425	1	0	1	0	0	0	0
40450	0	0	1	0	0	0	0
40475	1	0	1	0	0	0	0
40500	1	0	1	0	0	0	0
40525	0	0	1	0	0	0	0
40550	0	0	0	0	0	0	0
40575	0	0	1	0	0	0	0
40600	0	0	1	0	0	0	0
40625	0	0	1	0	0	0	0
40650	0	0	1	0	0	0	0
40675	0	0	1	0	0	0	0
40700	0	0	1	0	0	0	0
40725	0	0	0	0	0	0	0
40750	0	0	0	0	0	0	0
40775	0	0	0	0	0	0	0
40800	0	0	0	0	0	0	0
40825	1	0	0	0	0	0	0
40850	1	0	0	0	0	0	0
40875	1	0	0	0	0	0	0
40900	0	0	0	0	0	0	0
40925	0	0	0	0	0	0	0
40950	0	0	0	0	0	0	0
40975	0	0	0	0	0	0	0
41000	0	0	0	0	0	0	0
41025	0	0	0	0	0	0	0
41050	0	0	0	0	0	0	0
41075	0	0	0	0	0	0	0
41100	0	0	0	0	0	0	0
41125	0	0	0	0	0	0	0
41150	0	0	0	0	0	0	0
41175	0	0	1	0	0	0	0
41200	0	0	1	0	0	0	0
41225	0	0	1	0	0	0	0
41250	0	0	1	0	0	0	0
41275	0	0	1	0	0	0	0
41300	0	0	1	0	0	0	0
41325	0	0	1	0	0	0	0
41350	0	0	1	0	0	0	0
41375	0	0	1	0	0	0	0
41400	0	0	1	0	0	0	0
41425	0	0	1	0	0	0	0
41450	0	0	1	0	0	0	0
41475	0	0	1	0	0	0	0
41500	0	0	1	0	0	0	0
41525	0	0	1	0	0	0	0
41550	0	0	1	0	0	0	0
41575	0	0	0	0	0	0	0
41600	0	0	0	0	0	0	0
41625	0	0	0	0	0	0	0
41650	0	0	0	0	0	0	0
41675	0	0	0	0	0	0	0
41700	0	0	0	0	0	0	0
41725	0	0	0	0	0	0	0
41750	0	0	0	0	0	0	0
41775	0	0	0	0	0	0	0
41800	0	0	0	0	0	0	0
41825	0	0	0	0	0	0	0
41850	0	0	0	0	0	0	0
41875	0	0	0	0	0	0	0
41900	0	0	0	0	0	0	0
41925	0	0	0	0	0	0	0
41950	0	0	0	0	0	0	0
41975	1	0	0	0	0	0	0
42000	1	0	0	0	0	0	0
42025	1	0	0	0	0	0	0
42050	1	0	1	0	0	0	0
42075	0	0	1	0	0	0	0
42100	0	0	1	0	0	0	0
42125	0	0	1	0	0	0	0
42150	0	0	0	0	0	0	0
42175	0	0	0	0	0	0	0
42200	0	0	0	0	0	0	0
42225	0	0	1	0	0	0	0
42250	0	0	1	0	0	0	0
42275	0	0	1	0	0	0	0
42300	0	0	1	0	0	0	0
42325	0	0	1	0	0	0	0
42350	0	0	1	0	0	0	0
42375	0	0	1	0	0	0	0
42400	1	0	1	0	0	0	0
42425	1	0	1	0	0	0	0
42450	1	0	1	0	0	0	0
42475	1	0	1	0	0	0	0
42500	1	0	0	0	0	0	0
42525	1	0	1	0	0	0	0
42550	1	0	1	0	0	0	0
42575	1	0	1	0	0	0	0
42600	1	0	1	0	0	0	0
42625	1	0	1	0	0	0	0
42650	1	0	1	0	0	0	0
42675	1	0	1	0	0	0	0
42700	1	0	1	0	0	0	0
42725	1	0	1	0	0	0	0
42750	1	0	1	0	0	0	0
42775	1	0	1	0	0	0	0
42800	1	0	1	0	0	0	0
42825	1	0	1	0	0	0	0
42850	1	0	1	0	0	0	0
42875	1	0	1	0	0	0	0
42900	1	0	1	0	0	0	0
42925	1	0	1	0	0	0	0
42950	1	0	1	0	0	0	0
42975	1	0	1	0	0	0	0
43000	1	0	1	0	0	0	0
43025	1	0	1	0	0	0	0
43050	1	0	1	0	0	0	0
43075	1	0	1	0	0	0	0
43100	1	0	1	0	0	0	0
43125	1	0	1	0	0	0	0
43150	1	0	1	0	0	0	0
43175	1	0	0	0	0	0	0
43200	1	0	0	0	0	0	0
43225	1	0	0	0	0	0	0
43250	1	0	0	0	0	0	0
43275	1	0	1	0	0	0	0
43300	1	0	1	0	0	0	0
43325	1	0	1	0	0	0	0
43350	1	0	1	0	0	0	0
43375	1	0	1	0	0	0	0
43400	1	0	1	0	0	0	0
43425	1	0	1	0	0	0	0
43450	1	0	1	0	0	0	0
43475	1	0	1	0	0	0	0
43500	1	0	1	0	0	0	0
43525	1	0	1	0	0	0	0
43550	1	0	1	0	0	0	0
43575	1	0	1	0	0	0	0
43600	1	0	1	0	0	0	0
43625	1	0	1	0	0	0	0
43650	1	0	0	0	0	0	0
43675	1	0	1	0	0	0	0
43700	1	0	1	0	0	0	0
43725	1	0	1	0	0	0	0
43750	0	0	1	0	0	0	0
43775	0	0	1	0	0	0	0
43800	0	0	1	0	0	0	0
43825	0	0	1	0	0	0	0
43850	0	0	1	0	0	0	0
43875	0	0	1	0	0	0	0
43900	0	0	1	0	0	0	0
43925	0	0	0	0	0	0	0
43950	0	0	1	0	0	0	0
43975	0	0	1	0	0	0	0
44000	0	0	1	0	0	0	0
44025	0	0	1	0	0	0	0
44050	0	0	1	0	0	0	0
44075	0	0	0	0	0	0	0
44100	0	0	0	0	0	0	0
44125	0	0	0	0	0	0	0
44150	0	0	0	0	0	0	0
44175	0	0	0	0	0	0	0
44200	0	0	0	0	0	0	0
44225	0	0	0	0	0	0	0
44250	0	0	0	0	0	0	0
44275	0	0	0	0	0	0	0
44300	0	0	0	0	0	0	0
44325	0	0	1	0	0	0	0
44350	0	0	1	0	0	0	0
44375	0	0	1	0	0	0	0
44400	0	0	1	0	0	0	0
44425	0	0	1	0	0	0	0
44450	0	0	1	0	0	0	0
44475	1	0	1	0	0	0	0
44500	1	0	1	0	0	0	0
44525	1	0	1	0	0	0	0
44550	1	0	1	0	0	0	0
44575	1	0	1	0	0	0	0
44600	0	0	0	0	0	0	0
44625	0	0	0	0	0	0	0
44650	0	0	1	0	0	0	0
44675	0	0	1	0	0	0	0
44700	0	0	1	0	0	0	0
44725	0	0	1	0	0	0	0
44750	0	0	1	0	0	0	0
44775	0	0	1	0	0	0	0
44800	0	0	1	0	0	0	0
44825	0	0	1	0	0	0	0
44850	1	0	1	0	0	0	0
44875	1	0	1	0	0	0	0
44900	1	0	1	0	0	0	0
44925	1	0	1	0	0	0	0
44950	1	0	1	0	0	0	0
44975	1	0	1	0	0	0	0
45000	1	0	1	0	0	0	0
45025	1	0	1	0	0	0	0
45050	1	0	1	0	0	0	0
45075	1	0	1	0	0	0	0
45100	1	0	1	0	0	0	0
45125	1	0	1	0	0	0	0
45150	1	0	1	0	0	0	0
45175	1	0	1	0	0	0	0
45200	1	0	1	0	0	0	0
45225	1	0	1	0	0	0	0
45250	1	0	1	0	0	0	0
45275	1	0	1	0	0	0	0
45300	1	0	1	0	0	0	0
45325	1	0	1	0	0	0	0
45350	1	0	1	0	0	0	0
45375	1	0	1	0	0	0	0
45400	1	0	1	0	0	0	0
45425	1	0	1	0	0	0	0
45450	0	0	1	0	0	0	0
45475	0	0	1	0	0	0	0
45500	1	0	1	0	0	0	0
45525	1	0	1	0	0	0	0
45550	0	0	1	0	0	0	0
45575	0	0	1	0	0	0	0
45600	0	0	1	0	0	0	0
45625	0	0	1	0	0	0	0
45650	0	0	1	0	0	0	0
45675	0	0	1	0	0	0	0
45700	1	0	1	0	0	0	0
45725	1	0	1	0	0	0	0
45750	1	0	1	0	0	0	0
45775	1	0	1	0	0	0	0
45800	1	0	1	0	0	0	0
45825	1	0	1	0	0	0	0
45850	1	0	1	0	0	0	0
45875	1	0	1	0	0	0	0
45900	1	0	1	0	0	0	0
45925	1	0	1	0	0	0	0
45950	1	0	1	0	0	0	0
45975	1	0	1	0	0	0	0
46000	1	0	1	0	0	0	0
46025	1	0	1	0	0	0	0
46050	1	0	1	0	0	0	0
46075	1	0	1	0	0	0	0
46100	0	0	1	0	0	0	0
46125	0	0	1	0	0	0	0
46150	0	0	1	0	0	0	0
46175	0	0	1	0	0	0	0
46200	0	0	1	0	0	0	0
46225	0	0	1	0	0	0	0
46250	0	0	1	0	0	0	0
46275	0	0	1	0	0	0	0
46300	0	0	1	0	0	0	0
46325	0	0	1	0	0	0	0
46350	0	0	1	0	0	0	0
46375	0	0	1	0	0	0	0
46400	0	0	1	0	0	0	0
46425	0	0	1	0	0	0	0
46450	0	0	1	0	0	0	0
46475	0	0	1	0	0	0	0
46500	0	0	1	0	0	0	0
46525	0	0	1	0	0	0	0
46550	0	0	1	0	0	0	0
46575	0	0	1	0	0	0	0
46600	0	0	1	0	0	0	0
46625	0	0	1	0	0	0	0
46650	0	0	0	0	0	0	0
46675	0	0	1	0	0	0	0
46700	0	0	1	0	0	0	0
46725	0	0	1	0	0	0	0
46750	0	0	1	0	0	0	0
46775	0	0	1	0	0	0	0
46800	0	0	1	0	0	0	0
46825	0	0	1	0	0	0	0
46850	0	0	1	0	0	0	0
46875	0	0	1	0	0	0	0
46900	0	0	1	0	0	0	0
46925	0	0	1	0	0	0	0
46950	0	0	1	0	0	0	0
46975	0	0	1	0	0	0	0
47000	0	0	1	0	0	0	0
47025	0	0	1	0	0	0	0
47050	0	0	1	0	0	0	0
47075	0	0	1	0	0	0	0
47100	0	0	1	0	0	0	0
47125	0	0	1	0	0	0	0
47150	0	0	1	0	0	0	0
47175	0	0	1	0	0	0	0
47200	0	0	1	0	0	0	0
47225	0	0	1	0	0	0	0
47250	0	0	1	0	0	0	0
47275	0	0	1	0	0	0	0
47300	0	0	1	0	0	0	0
47325	0	0	1	0	0	0	0
47350	0	0	1	0	0	0	0
47375	0	0	1	0	0	0	0
47400	0	0	1	0	0	0	0
47425	0	0	1	0	0	0	0
47450	0	0	1	0	0	0	0
47475	0	0	1	0	0	0	0
47500	0	0	1	0	0	0	0
47525	0	0	1	0	0	0	0
47550	0	0	1	0	0	0	0
47575	0	0	1	0	0	0	0
47600	0	0	1	0	0	0	0
47625	0	0	1	0	0	0	0
47650	0	0	1	0	0	0	0
47675	0	0	1	0	0	0	0
47700	0	0	1	0	0	0	0
47725	0	0	1	0	0	0	0
47750	0	0	1	0	0	0	0
47775	0	0	1	0	0	0	0
47800	0	0	1	0	0	0	0
47825	0	0	1	0	0	0	0
47850	0	0	1	0	0	0	0
47875	0	0	1	0	0	0	0
47900	0	0	1	0	0	0	0
47925	0	0	1	0	0	0	0
47950	0	0	1	0	0	0	0
47975	0	0	1	0	0	0	0
48000	0	0	1	0	0	0	0
48025	0	0	1	0	0	0	0
48050	0	0	1	0	0	0	0
48075	0	0	1	0	0	0	0
48100	0	0	1	0	0	0	0
48125	0	0	1	0	0	0	0
48150	0	0	1	0	0	0	0
48175	0	0	1	0	0	0	0
48200	0	0	1	0	0	0	0
48225	0	0	1	0	0	0	0
48250	0	0	1	0	0	0	0
48275	0	0	1	0	0	0	0
48300	0	0	1	0	0	0	0
48325	0	0	1	0	0	0	0
48350	0	0	1	0	0	0	0
48375	0	0	1	0	0	0	0
48400	0	0	1	0	0	0	0
48425	0	0	1	0	0	0	0
48450	0	0	1	0	0	0	0
48475	0	0	1	0	0	0	0
48500	0	0	1	0	0	0	0
48525	0	0	1	0	0	0	0
48550	0	0	1	0	0	0	0
48575	0	0	1	0	0	0	0
48600	0	0	1	0	0	0	0
48625	0	0	1	0	0	0	0
48650	0	0	1	0	0	0	0
48675	0	0	1	0	0	0	0
48700	0	0	1	0	0	0	0
48725	0	0	1	0	0	0	0
48750	0	0	1	0	0	0	0
48775	0	0	1	0	0	0	0
48800	0	0	1	0	0	0	0
48825	0	0	1	0	0	0	0
48850	0	0	1	0	0	0	0
48875	0	0	1	0	0	0	0
48900	0	0	1	0	0	0	0
48925	0	0	1	0	0	0	0
48950	0	0	1	0	0	0	0
48975	0	0	1	0	0	0	0
49000	0	0	1	0	0	0	0
49025	0	0	1	0	0	0	0
49050	0	0	1	0	0	0	0
49075	0	0	1	0	0	0	0
49100	1	0	1	0	0	0	0
49125	1	0	1	0	0	0	0
49150	1	0	1	0	0	0	0
49175	0	0	1	0	0	0	0
49200	0	0	1	0	0	0	0
49225	0	0	1	0	0	0	0
49250	0	0	1	0	0	0	0
49275	0	0	1	0	0	0	0
49300	0	0	1	0	0	0	0
49325	0	0	1	0	0	0	0
49350	0	0	1	0	0	0	0
49375	0	0	1	0	0	0	0
49400	0	0	1	0	0	0	0
49425	0	0	1	0	0	0	0
49450	0	0	1	0	0	0	0
49475	0	0	1	0	0	0	0
49500	0	0	1	0	0	0	0
49525	0	0	1	0	0	0	0
49550	0	0	1	0	0	0	0
49575	0	0	1	0	0	0	0
49600	0	0	1	0	0	0	0
49625	0	0	1	0	0	0	0
49650	0	0	1	0	0	0	0
49675	0	0	1	0	0	0	0
49700	0	0	1	0	0	0	0
49725	0	0	1	0	0	0	0
49750	0	0	1	0	0	0	0
49775	0	0	1	0	0	0	0
49800	0	0	1	0	0	0	0
49825	0	0	1	0	0	0	0
49850	0	0	1	0	0	0	0
49875	0	0	1	0	0	0	0
49900	0	0	1	0	0	0	0
49925	0	0	1	0	0	0	0
49950	0	0	1	0	0	0	0
49975	0	0	1	0	0	0	0
50000	0	0	1	0	0	0	0
50025	0	0	1	0	0	0	0
50050	0	0	1	0	0	0	0
50075	0	0	1	0	0	0	0
50100	0	0	1	0	0	0	0
50125	0	0	1	0	0	0	0
50150	0	0	1	0	0	0	0
50175	0	0	1	0	0	0	0
50200	0	0	1	0	0	0	0
50225	0	0	1	0	0	0	0
50250	0	0	1	0	0	0	0
50275	0	0	1	0	0	0	0
50300	1	0	1	0	0	0	0
50325	1	0	1	0	0	0	0
50350	1	0	1	0	0	0	0
50375	1	0	1	0	0	0	0
50400	1	0	1	0	0	0	0
50425	1	0	1	0	0	0	0
50450	1	0	1	0	0	0	0
50475	0	0	1	0	0	0	0
50500	1	0	1	0	0	0	0
50525	0	0	1	0	0	0	0
50550	0	0	1	0	0	0	0
50575	1	0	1	0	0	0	0
50600	1	0	1	0	0	0	0
50625	1	0	1	0	0	0	0
50650	1	0	1	0	0	0	0
50675	1	0	1	0	0	0	0
50700	1	0	1	0	0	0	0
50725	1	0	1	0	0	0	0
50750	1	0	1	0	0	0	0
50775	1	0	1	0	0	0	0
50800	1	0	1	0	0	0	0
50825	1	0	1	0	0	0	0
50850	1	0	1	0	0	0	0
50875	1	0	1	0	0	0	0
50900	1	0	1	0	0	0	0
50925	0	0	1	0	0	0	0
50950	0	0	0	0	0	0	0
50975	0	0	0	0	0	0	0
51000	0	0	0	0	0	0	0
51025	0	0	0	0	0	0	0
51050	1	0	1	0	0	0	0
51075	1	0	1	0	0	0	0
51100	1	0	1	0	0	0	0
51125	1	0	1	0	0	0	0
51150	0	0	1	0	0	0	0
51175	0	0	1	0	0	0	0
51200	0	0	1	0	0	0	0
51225	0	0	1	0	0	0	0
51250	0	0	1	0	0	0	0
51275	1	0	1	0	0	0	0
51300	1	0	1	0	0	0	0
51325	1	0	1	0	0	0	0
51350	1	0	1	0	0	0	0
51375	0	0	1	0	0	0	0
51400	0	0	1	0	0	0	0
51425	0	0	1	0	0	0	0
51450	0	0	1	0	0	0	0
51475	0	0	1	0	0	0	0
51500	0	0	1	0	0	0	0
51525	0	0	1	0	0	0	0
51550	0	0	1	0	0	0	0
51575	0	0	1	0	0	0	0
51600	1	0	1	0	0	0	0
51625	1	0	1	0	0	0	0
51650	0	0	0	0	0	0	0
51675	0	0	0	0	0	0	0
51700	0	0	0	0	0	0	0
51725	1	0	0	0	0	0	0
51750	1	0	0	0	0	0	0
51775	1	0	0	0	0	0	0
51800	0	0	0	0	0	0	0
51825	0	0	0	0	0	0	0
51850	1	0	0	0	0	0	0
51875	1	0	1	0	0	0	0
51900	0	0	0	0	0	0	0
51925	0	0	0	0	0	0	0
51950	0	0	0	0	0	0	0
51975	0	0	0	0	0	0	0
52000	0	0	0	0	0	0	0
52025	0	0	0	0	0	0	0
52050	1	0	0	0	0	0	0
52075	1	0	0	0	0	0	0
52100	1	0	0	0	0	0	0
52125	1	0	0	0	0	0	0
52150	1	0	0	0	0	0	0
52175	1	0	0	0	0	0	0
52200	0	0	1	0	0	0	0
52225	0	0	1	0	0	0	0
52250	0	0	1	0	0	0	0
52275	0	0	1	0	0	0	0
52300	0	0	1	0	0	0	0
52325	0	0	1	0	0	0	0
52350	0	0	1	0	0	0	0
52375	0	0	1	0	0	0	0
52400	0	0	1	0	0	0	0
52425	0	0	1	0	0	0	0
52450	0	0	1	0	0	0	0
52475	0	0	1	0	0	0	0
52500	0	0	1	0	0	0	0
52525	0	0	1	0	0	0	0
52550	0	0	1	0	0	0	0
52575	0	0	1	0	0	0	0
52600	0	0	1	0	0	0	0
52625	0	0	1	0	0	0	0
52650	0	0	1	0	0	0	0
52675	0	0	1	0	0	0	0
52700	0	0	1	0	0	0	0
52725	0	0	0	0	0	0	0
52750	0	0	0	0	0	0	0
52775	0	0	0	0	0	0	0
52800	0	0	0	0	0	0	0
52825	1	0	0	0	0	0	0
52850	1	0	0	0	0	0	0
52875	0	0	0	0	0	0	0
52900	1	0	0	0	0	0	0
52925	1	0	0	0	0	0	0
52950	1	0	0	0	0	0	0
52975	1	0	0	0	0	0	0
53000	1	0	0	0	0	0	0
53025	0	0	0	0	0	0	0
53050	0	0	0	0	0	0	0
53075	0	0	0	0	0	0	0
53100	0	0	1	0	0	0	0
53125	1	0	0	0	0	0	0
53150	0	0	1	0	0	0	0
53175	0	0	1	0	0	0	0
53200	1	0	1	0	0	0	0
53225	1	0	0	0	0	0	0
53250	1	0	1	0	0	0	0
53275	1	0	1	0	0	0	0
53300	1	0	1	0	0	0	0
53325	1	0	0	0	0	0	0
53350	1	0	0	0	0	0	0
53375	1	0	0	0	0	0	0
53400	1	0	0	0	0	0	0
53425	1	0	0	0	0	0	0
53450	1	0	0	0	0	0	0
53475	1	0	0	0	0	0	0
53500	1	0	0	0	0	0	0
53525	0	0	1	0	0	0	0
53550	0	0	0	0	0	0	0
53575	1	0	1	0	0	0	0
53600	1	0	0	0	0	0	0
53625	1	0	1	0	0	0	0
53650	1	0	1	0	0	0	0
53675	1	0	1	0	0	0	0
53700	1	0	1	0	0	0	0
53725	1	0	1	0	0	0	0
53750	1	0	1	0	0	0	0
53775	1	0	1	0	0	0	0
53800	1	0	1	0	0	0	0
53825	1	0	1	0	0	0	0
53850	1	0	1	0	0	0	0
53875	1	0	1	0	0	0	0
53900	1	0	1	0	0	0	0
53925	1	0	1	0	0	0	0
53950	1	0	1	0	0	0	0
53975	1	0	1	0	0	0	0
54000	1	0	1	0	0	0	0
54025	1	0	1	0	0	0	0
54050	1	0	1	0	0	0	0
54075	1	0	1	0	0	0	0
54100	1	0	1	0	0	0	0
54125	1	0	1	0	0	0	0
54150	1	0	1	0	0	0	0
54175	1	0	1	0	0	0	0
54200	1	0	1	0	0	0	0
54225	1	0	1	0	0	0	0
54250	1	0	1	0	0	0	0
54275	1	0	1	0	0	0	0
54300	1	0	1	0	0	0	0
54325	1	0	1	0	0	0	0
54350	1	0	1	0	0	0	0
54375	1	0	1	0	0	0	0
54400	0	0	1	0	0	0	0
54425	0	0	1	0	0	0	0
54450	0	0	1	0	0	0	0
54475	0	0	1	0	0	0	0
54500	1	0	1	0	0	0	0
54525	1	0	1	0	0	0	0
54550	1	0	1	0	0	0	0
54575	1	0	0	0	0	0	0
54600	0	0	1	0	0	0	0
54625	1	0	1	0	0	0	0
54650	1	0	1	0	0	0	0
54675	1	0	1	0	0	0	0
54700	0	0	1	0	0	0	0
54725	1	0	1	0	0	0	0
54750	0	0	1	0	0	0	0
54775	0	0	1	0	0	0	0
54800	0	0	1	0	0	0	0
54825	0	0	1	0	0	0	0
54850	0	0	1	0	0	0	0
54875	0	0	1	0	0	0	0
54900	0	0	1	0	0	0	0
54925	0	0	1	0	0	0	0
54950	0	0	1	0	0	0	0
54975	0	0	1	0	0	0	0
55000	0	0	1	0	0	0	0
55025	0	0	1	0	0	0	0
55050	0	0	1	0	0	0	0
55075	0	0	1	0	0	0	0
55100	0	0	1	0	0	0	0
55125	0	0	1	0	0	0	0
55150	0	0	1	0	0	0	0
55175	0	0	1	0	0	0	0
55200	0	0	0	0	0	0	0
55225	1	0	1	0	0	0	0
55250	1	0	0	0	0	0	0
55275	1	0	1	0	0	0	0
55300	1	0	1	0	0	0	0
55325	1	0	1	0	0	0	0
55350	1	0	1	0	0	0	0
55375	1	0	1	0	0	0	0
55400	1	0	0	0	0	0	0
55425	0	0	0	0	0	0	0
55450	1	0	0	0	0	0	0
55475	1	0	0	0	0	0	0
55500	1	0	0	0	0	0	0
55525	1	0	0	0	0	0	0
55550	1	0	0	0	0	0	0
55575	1	0	1	0	0	0	0
55600	1	0	1	0	0	0	0
55625	1	0	1	0	0	0	0
55650	1	0	0	0	0	0	0
55675	1	0	0	0	0	0	0
55700	1	0	1	0	0	0	0
55725	1	0	1	0	0	0	0
55750	1	0	1	0	0	0	0
55775	1	0	1	0	0	0	0
55800	1	0	0	0	0	0	0
55825	1	0	1	0	0	0	0
55850	1	0	1	0	0	0	0
55875	1	0	1	0	0	0	0
55900	1	0	1	0	0	0	0
55925	1	0	1	0	0	0	0
55950	1	0	1	0	0	0	0
55975	1	0	1	0	0	0	0
56000	1	0	1	0	0	0	0
56025	1	0	1	0	0	0	0
56050	1	0	1	0	0	0	0
56075	1	0	1	0	0	0	0
56100	1	0	1	0	0	0	0
56125	1	0	0	0	0	0	0
56150	0	0	0	0	0	0	0
56175	1	0	0	0	0	0	0
56200	1	0	0	0	0	0	0
56225	1	0	0	0	0	0	0
56250	1	0	0	0	0	0	0
56275	1	0	0	0	0	0	0
56300	0	0	0	0	0	0	0
56325	1	0	0	0	0	0	0
56350	1	0	0	0	0	0	0
56375	1	0	0	0	0	0	0
56400	1	0	0	0	0	0	0
56425	1	0	0	0	0	0	0
56450	1	0	0	0	0	0	0
56475	1	0	0	0	0	0	0
56500	1	0	0	0	0	0	0
56525	1	0	0	0	0	0	0
56550	1	0	0	0	0	0	0
56575	1	0	0	0	0	0	0
56600	1	0	0	0	0	0	0
56625	1	0	0	0	0	0	0
56650	1	0	0	0	0	0	0
56675	1	0	0	0	0	0	0
56700	1	0	0	0	0	0	0
56725	1	0	0	0	0	0	0
56750	1	0	1	0	0	0	0
56775	1	0	1	0	0	0	0
56800	1	0	1	0	0	0	0
56825	1	0	1	0	0	0	0
56850	1	0	1	0	0	0	0
56875	1	0	1	0	0	0	0
56900	1	0	1	0	0	0	0
56925	1	0	1	0	0	0	0
56950	1	0	1	0	0	0	0
56975	1	0	1	0	0	0	0
57000	1	0	1	0	0	0	0
57025	1	0	1	0	0	0	0
57050	1	0	1	0	0	0	0
57075	1	0	1	0	0	0	0
57100	1	0	1	0	0	0	0
57125	1	0	0	0	0	0	0
57150	1	0	0	0	0	0	0
57175	1	0	0	0	0	0	0
57200	1	0	0	0	0	0	0
57225	1	0	0	0	0	0	0
57250	1	0	0	0	0	0	0
57275	1	0	0	0	0	0	0
57300	1	0	0	0	0	0	0
57325	1	0	0	0	0	0	0
57350	1	0	0	0	0	0	0
57375	1	0	0	0	0	0	0
57400	1	0	0	0	0	0	0
57425	1	0	0	0	0	0	0
57450	1	0	1	0	0	0	0
57475	1	0	1	0	0	0	0
57500	1	0	1	0	0	0	0
57525	1	0	1	0	0	0	0
57550	1	0	1	0	0	0	0
57575	1	0	1	0	0	0	0
57600	1	0	1	0	0	0	0
57625	1	0	1	0	0	0	0
57650	1	0	1	0	0	0	0
57675	1	0	1	0	0	0	0
57700	1	0	1	0	0	0	0
57725	1	0	1	0	0	0	0
57750	1	0	1	0	0	0	0
57775	1	0	1	0	0	0	0
57800	1	0	1	0	0	0	0
57825	1	0	1	0	0	0	0
57850	1	0	1	0	0	0	0
57875	1	0	1	0	0	0	0
57900	1	0	1	0	0	0	0
57925	1	0	1	0	0	0	0
57950	1	0	1	0	0	0	0
57975	1	0	1	0	0	0	0
58000	1	0	1	0	0	0	0
58025	1	0	1	0	0	0	0
58050	1	0	1	0	0	0	0
58075	1	0	1	0	0	0	0
58100	1	0	1	0	0	0	0
58125	1	0	1	0	0	0	0
58150	1	0	1	0	0	0	0
58175	1	0	1	0	0	0	0
58200	1	0	1	0	0	0	0
58225	1	0	1	0	0	0	0
58250	1	0	1	0	0	0	0
58275	1	0	1	0	0	0	0
58300	1	0	1	0	0	0	0
58325	1	0	1	0	0	0	0
58350	1	0	1	0	0	0	0
58375	1	0	1	0	0	0	0
58400	1	0	1	0	0	0	0
58425	1	0	1	0	0	0	0
58450	1	0	1	0	0	0	0
58475	1	0	1	0	0	0	0
58500	1	0	1	0	0	0	0
58525	1	0	1	0	0	0	0
58550	1	0	1	0	0	0	0
58575	1	0	1	0	0	0	0
58600	1	0	1	0	0	0	0
58625	1	0	1	0	0	0	0
58650	0	0	1	0	0	0	0
58675	1	0	1	0	0	0	0
58700	1	0	1	0	0	0	0
58725	1	0	1	0	0	0	0
58750	1	0	1	0	0	0	0
58775	1	0	1	0	0	0	0
58800	1	0	1	0	0	0	0
58825	1	0	1	0	0	0	0
58850	1	0	1	0	0	0	0
58875	1	0	1	0	0	0	0
58900	1	0	1	0	0	0	0
58925	1	0	1	0	0	0	0
58950	1	0	1	0	0	0	0
58975	1	0	1	0	0	0	0
59000	1	0	1	0	0	0	0
59025	1	0	1	0	0	0	0
59050	1	0	1	0	0	0	0
59075	1	0	0	0	0	0	0
59100	1	0	0	0	0	0	0
59125	1	0	0	0	0	0	0
59150	1	0	0	0	0	0	0
59175	1	0	0	0	0	0	0
59200	1	0	0	0	0	0	0
59225	1	0	1	0	0	0	0
59250	1	0	1	0	0	0	0
59275	1	0	1	0	0	0	0
59300	1	0	1	0	0	0	0
59325	1	0	1	0	0	0	0
59350	1	0	1	0	0	0	0
59375	1	0	1	0	0	0	0
59400	1	0	1	0	0	0	0
59425	1	0	1	0	0	0	0
59450	1	0	1	0	0	0	0
59475	1	0	1	0	0	0	0
59500	1	0	1	0	0	0	0
59525	1	0	1	0	0	0	0
59550	1	0	1	0	0	0	0
59575	1	0	1	0	0	0	0
59600	1	0	1	0	0	0	0
59625	1	0	1	0	0	0	0
59650	1	0	1	0	0	0	0
59675	1	0	1	0	0	0	0
59700	1	0	1	0	0	0	0
59725	1	0	1	0	0	0	0
59750	1	0	1	0	0	0	0
59775	1	0	0	0	0	0	0
59800	1	0	1	0	0	0	0
59825	1	0	1	0	0	0	0
59850	1	0	0	0	0	0	0
59875	1	0	1	0	0	0	0
59900	1	0	1	0	0	0	0
59925	1	0	1	0	0	0	0
59950	1	0	1	0	0	0	0
59975	1	0	1	0	0	0	0
60000	0	0	1	0	0	0	0
60025	0	0	1	0	0	0	0
60050	0	0	1	0	0	0	0
60075	0	0	1	0	0	0	0
60100	0	0	1	0	0	0	0
60125	0	0	1	0	0	0	0
60150	0	0	1	0	0	0	0
60175	0	0	1	0	0	0	0
60200	0	0	1	0	0	0	0
60225	0	0	1	0	0	0	0
60250	0	0	1	0	0	0	0
60275	1	0	1	0	0	0	0
60300	1	0	1	0	0	0	0
60325	1	0	1	0	0	0	0
60350	1	0	1	0	0	0	0
60375	1	0	1	0	0	0	0
60400	1	0	1	0	0	0	0
60425	1	0	1	0	0	0	0
60450	1	0	1	0	0	0	0
60475	1	0	1	0	0	0	0
60500	1	0	1	0	0	0	0
60525	1	0	1	0	0	0	0
60550	1	0	1	0	0	0	0
60575	1	0	1	0	0	0	0
60600	1	0	1	0	0	0	0
60625	0	0	1	0	0	0	0
60650	0	0	1	0	0	0	0
60675	0	0	1	0	0	0	0
60700	0	0	1	0	0	0	0
60725	0	0	1	0	0	0	0
60750	0	0	1	0	0	0	0
60775	0	0	1	0	0	0	0
60800	0	0	1	0	0	0	0
60825	0	0	1	0	0	0	0
60850	0	0	1	0	0	0	0
60875	0	0	1	0	0	0	0
60900	0	0	1	0	0	0	0
60925	0	0	1	0	0	0	0
60950	1	0	1	0	0	0	0
60975	1	0	1	0	0	0	0
61000	1	0	1	0	0	0	0
61025	0	0	1	0	0	0	0
61050	0	0	1	0	0	0	0
61075	0	0	1	0	0	0	0
61100	0	0	1	0	0	0	0
61125	1	0	1	0	0	0	0
61150	1	0	1	0	0	0	0
61175	1	0	1	0	0	0	0
61200	1	0	1	0	0	0	0
61225	1	0	1	0	0	0	0
61250	1	0	1	0	0	0	0
61275	1	0	1	0	0	0	0
61300	1	0	1	0	0	0	0
61325	1	0	1	0	0	0	0
61350	1	0	1	0	0	0	0
61375	1	0	1	0	0	0	0
61400	1	0	1	0	0	0	0
61425	1	0	1	0	0	0	0
61450	1	0	1	0	0	0	0
61475	1	0	1	0	0	0	0
61500	1	0	1	0	0	0	0
61525	1	0	1	0	0	0	0
61550	1	0	1	0	0	0	0
61575	1	0	1	0	0	0	0
61600	1	0	1	0	0	0	0
61625	1	0	1	0	0	0	0
61650	1	0	1	0	0	0	0
61675	1	0	1	0	0	0	0
61700	1	0	1	0	0	0	0
61725	1	0	1	0	0	0	0
61750	1	0	1	0	0	0	0
61775	1	0	1	0	0	0	0
61800	1	0	1	0	0	0	0
61825	1	0	1	0	0	0	0
61850	1	0	1	0	0	0	0
61875	0	0	1	0	0	0	0
61900	0	0	1	0	0	0	0
61925	0	0	1	0	0	0	0
61950	0	0	1	0	0	0	0
61975	0	0	0	0	0	0	0
62000	1	0	1	0	0	0	0
62025	1	0	1	0	0	0	0
62050	1	0	1	0	0	0	0
62075	1	0	1	0	0	0	0
62100	1	0	1	0	0	0	0
62125	1	0	1	0	0	0	0
62150	1	0	1	0	0	0	0
62175	1	0	1	0	0	0	0
62200	1	0	1	0	0	0	0
62225	1	0	1	0	0	0	0
62250	1	0	1	0	0	0	0
62275	1	0	1	0	0	0	0
62300	1	0	1	0	0	0	0
62325	1	0	1	0	0	0	0
62350	1	0	1	0	0	0	0
62375	1	0	1	0	0	0	0
62400	1	0	1	0	0	0	0
62425	1	0	1	0	0	0	0
62450	1	0	1	0	0	0	0
62475	1	0	1	0	0	0	0
62500	1	0	1	0	0	0	0
62525	1	0	1	0	0	0	0
62550	1	0	1	0	0	0	0
62575	1	0	1	0	0	0	0
62600	1	0	1	0	0	0	0
62625	1	0	1	0	0	0	0
62650	1	0	1	0	0	0	0
62675	1	0	1	0	0	0	0
62700	1	0	1	0	0	0	0
62725	1	0	1	0	0	0	0
62750	1	0	1	0	0	0	0
62775	1	0	1	0	0	0	0
62800	1	0	1	0	0	0	0
62825	1	0	1	0	0	0	0
62850	1	0	1	0	0	0	0
62875	1	0	1	0	0	0	0
62900	1	0	1	0	0	0	0
62925	1	0	1	0	0	0	0
62950	1	0	1	0	0	0	0
62975	1	0	1	0	0	0	0
63000	1	0	1	0	0	0	0
63025	1	0	1	0	0	0	0
63050	1	0	1	0	0	0	0
63075	1	0	1	0	0	0	0
63100	1	0	1	0	0	0	0
63125	1	0	1	0	0	0	0
63150	1	0	1	0	0	0	0
63175	1	0	1	0	0	0	0
63200	1	0	1	0	0	0	0
63225	1	0	1	0	0	0	0
63250	1	0	1	0	0	0	0
63275	1	0	1	0	0	0	0
63300	1	0	1	0	0	0	0
63325	1	0	1	0	0	0	0
63350	1	0	1	0	0	0	0
63375	1	0	1	0	0	0	0
63400	1	0	1	0	0	0	0
63425	1	0	1	0	0	0	0
63450	1	0	1	0	0	0	0
63475	1	0	1	0	0	0	0
63500	1	0	1	0	0	0	0
63525	1	0	1	0	0	0	0
63550	1	0	1	0	0	0	0
63575	1	0	1	0	0	0	0
63600	1	0	1	0	0	0	0
63625	1	0	1	0	0	0	0
63650	1	0	1	0	0	0	0
63675	1	0	1	0	0	0	0
63700	1	0	1	0	0	0	0
63725	1	0	1	0	0	0	0
63750	1	0	1	0	0	0	0
63775	0	0	0	0	0	0	0
63800	1	0	1	0	0	0	0
63825	1	0	1	0	0	0	0
63850	1	0	1	0	0	0	0
63875	1	0	1	0	0	0	0
63900	1	0	1	0	0	0	0
63925	0	0	0	0	0	0	0
63950	0	0	1	0	0	0	0
63975	0	0	1	0	0	0	0
64000	0	0	1	0	0	0	0
64025	0	0	1	0	0	0	0
64050	0	0	1	0	0	0	0
64075	0	0	1	0	0	0	0
64100	1	0	1	0	0	0	0
64125	1	0	1	0	0	0	0
64150	1	0	1	0	0	0	0
64175	1	0	1	0	0	0	0
64200	0	0	1	0	0	0	0
64225	1	0	1	0	0	0	0
64250	1	0	1	0	0	0	0
64275	1	0	1	0	0	0	0
64300	1	0	1	0	0	0	0
64325	0	0	1	0	0	0	0
64350	0	0	1	0	0	0	0
64375	1	0	1	0	0	0	0
64400	1	0	1	0	0	0	0
64425	1	0	1	0	0	0	0
64450	1	0	1	0	0	0	0
64475	1	0	1	0	0	0	0
64500	1	0	1	0	0	0	0
64525	1	0	1	0	0	0	0
64550	0	0	1	0	0	0	0
64575	0	0	1	0	0	0	0
64600	0	0	1	0	0	0	0
64625	1	0	1	0	0	0	0
64650	1	0	1	0	0	0	0
64675	1	0	1	0	0	0	0
64700	1	0	0	0	0	0	0
64725	1	0	1	0	0	0	0
64750	1	0	1	0	0	0	0
64775	0	0	1	0	0	0	0
64800	0	0	1	0	0	0	0
64825	0	0	1	0	0	0	0
64850	0	0	1	0	0	0	0
64875	0	0	1	0	0	0	0
64900	0	0	1	0	0	0	0
64925	0	0	1	0	0	0	0
64950	0	0	1	0	0	0	0
64975	0	0	1	0	0	0	0
65000	0	0	1	0	0	0	0
65025	1	0	1	0	0	0	0
65050	1	0	1	0	0	0	0
65075	1	0	1	0	0	0	0
65100	1	0	0	0	0	0	0
65125	1	0	1	0	0	0	0
65150	1	0	1	0	0	0	0
65175	1	0	1	0	0	0	0
65200	1	0	1	0	0	0	0
65225	1	0	1	0	0	0	0
65250	1	0	1	0	0	0	0
65275	1	0	1	0	0	0	0
65300	1	0	1	0	0	0	0
65325	1	0	1	0	0	0	0
65350	1	0	1	0	0	0	0
65375	1	0	1	0	0	0	0
65400	1	0	1	0	0	0	0
65425	1	0	1	0	0	0	0
65450	1	0	1	0	0	0	0
65475	1	0	1	0	0	0	0
65500	1	0	0	0	0	0	0
65525	1	0	1	0	0	0	0
65550	1	0	1	0	0	0	0
65575	1	0	1	0	0	0	0
65600	1	0	1	0	0	0	0
65625	1	0	1	0	0	0	0
65650	1	0	1	0	0	0	0
65675	1	0	1	0	0	0	0
65700	1	0	1	0	0	0	0
65725	1	0	1	0	0	0	0
65750	0	0	1	0	0	0	0
65775	0	0	1	0	0	0	0
65800	0	0	1	0	0	0	0
65825	0	0	1	0	0	0	0
65850	0	0	1	0	0	0	0
65875	0	0	1	0	0	0	0
65900	0	0	1	0	0	0	0
65925	0	0	1	0	0	0	0
65950	0	0	1	0	0	0	0
65975	0	0	1	0	0	0	0
66000	0	0	1	0	0	0	0
66025	0	0	1	0	0	0	0
66050	1	0	1	0	0	0	0
66075	1	0	1	0	0	0	0
66100	1	0	1	0	0	0	0
66125	1	0	1	0	0	0	0
66150	1	0	1	0	0	0	0
66175	1	0	1	0	0	0	0
66200	1	0	1	0	0	0	0
66225	1	0	1	0	0	0	0
66250	1	0	1	0	0	0	0
66275	1	0	1	0	0	0	0
66300	1	0	1	0	0	0	0
66325	1	0	1	0	0	0	0
66350	1	0	1	0	0	0	0
66375	1	0	1	0	0	0	0
66400	1	0	1	0	0	0	0
66425	1	0	1	0	0	0	0
66450	1	0	1	0	0	0	0
66475	1	0	1	0	0	0	0
66500	1	0	1	0	0	0	0
66525	1	0	1	0	0	0	0
66550	1	0	1	0	0	0	0
66575	1	0	1	0	0	0	0
66600	1	0	1	0	0	0	0
66625	1	0	1	0	0	0	0
66650	1	0	1	0	0	0	0
66675	1	0	1	0	0	0	0
66700	1	0	1	0	0	0	0
66725	1	0	1	0	0	0	0
66750	1	0	1	0	0	0	0
66775	1	0	1	0	0	0	0
66800	1	0	1	0	0	0	0
66825	1	0	1	0	0	0	0
66850	1	0	1	0	0	0	0
66875	1	0	1	0	0	0	0
66900	1	0	1	0	0	0	0
66925	1	0	1	0	0	0	0
66950	1	0	1	0	0	0	0
66975	1	0	1	0	0	0	0
67000	1	0	1	0	0	0	0
67025	1	0	1	0	0	0	0
67050	1	0	1	0	0	0	0
67075	1	0	1	0	0	0	0
67100	1	0	1	0	0	0	0
67125	1	0	1	0	0	0	0
67150	1	0	1	0	0	0	0
67175	1	0	1	0	0	0	0
67200	0	0	1	0	0	0	0
67225	0	0	1	0	0	0	0
67250	0	0	0	0	0	0	0
67275	0	0	0	0	0	0	0
67300	0	0	0	0	0	0	0
67325	0	0	1	0	0	0	0
67350	0	0	1	0	0	0	0
67375	0	0	1	0	0	0	0
67400	0	0	0	0	0	0	0
67425	0	0	0	0	0	0	0
67450	0	0	0	0	0	0	0
67475	0	0	0	0	0	0	0
67500	0	0	0	0	0	0	0
67525	1	0	0	0	0	0	0
67550	1	0	0	0	0	0	0
67575	0	0	0	0	0	0	0
67600	0	0	0	0	0	0	0
67625	0	0	0	0	0	0	0
67650	0	0	0	0	0	0	0
67675	0	0	0	0	0	0	0
67700	0	0	0	0	0	0	0
67725	0	0	0	0	0	0	0
67750	0	0	0	0	0	0	0
67775	0	0	0	0	0	0	0
67800	0	0	0	0	0	0	0
67825	0	0	1	0	0	0	0
67850	0	0	1	0	0	0	0
67875	0	0	1	0	0	0	0
67900	0	0	1	0	0	0	0
67925	0	0	0	0	0	0	0
67950	1	0	0	0	0	0	0
67975	1	0	0	0	0	0	0
68000	1	0	0	0	0	0	0
68025	1	0	0	0	0	0	0
68050	1	0	0	0	0	0	0
68075	0	0	0	0	0	0	0
68100	0	0	0	0	0	0	0
68125	0	0	0	0	0	0	0
68150	0	0	0	0	0	0	0
68175	0	0	0	0	0	0	0
68200	0	0	0	0	0	0	0
68225	0	0	0	0	0	0	0
68250	0	0	0	0	0	0	0
68275	0	0	0	0	0	0	0
68300	0	0	0	0	0	0	0
68325	0	0	0	0	0	0	0
68350	0	0	1	0	0	0	0
68375	0	0	1	0	0	0	0
68400	0	0	1	0	0	0	0
68425	0	0	1	0	0	0	0
68450	0	0	1	0	0	0	0
68475	1	0	1	0	0	0	0
68500	1	0	1	0	0	0	0
68525	1	0	1	0	0	0	0
68550	0	0	1	0	0	0	0
68575	0	0	1	0	0	0	0
68600	0	0	1	0	0	0	0
68625	0	0	1	0	0	0	0
68650	0	0	1	0	0	0	0
68675	0	0	1	0	0	0	0
68700	0	0	1	0	0	0	0
68725	0	0	1	0	0	0	0
68750	0	0	1	0	0	0	0
68775	0	0	1	0	0	0	0
68800	0	0	1	0	0	0	0
68825	0	0	1	0	0	0	0
68850	0	0	1	0	0	0	0
68875	0	0	1	0	0	0	0
68900	0	0	1	0	0	0	0
68925	0	0	1	0	0	0	0
68950	0	0	1	0	0	0	0
68975	0	0	1	0	0	0	0
69000	0	0	1	0	0	0	0
69025	0	0	1	0	0	0	0
69050	0	0	1	0	0	0	0
69075	0	0	1	0	0	0	0
69100	0	0	1	0	0	0	0
69125	0	0	1	0	0	0	0
69150	0	0	1	0	0	0	0
69175	0	0	1	0	0	0	0
69200	0	0	1	0	0	0	0
69225	0	0	1	0	0	0	0
69250	0	0	1	0	0	0	0
69275	0	0	1	0	0	0	0
69300	0	0	0	0	0	0	0
69325	1	0	1	0	0	0	0
69350	1	0	1	0	0	0	0
69375	1	0	1	0	0	0	0
69400	1	0	1	0	0	0	0
69425	1	0	1	0	0	0	0
69450	1	0	1	0	0	0	0
69475	1	0	1	0	0	0	0
69500	1	0	1	0	0	0	0
69525	1	0	1	0	0	0	0
69550	1	0	1	0	0	0	0
69575	1	0	1	0	0	0	0
69600	1	0	1	0	0	0	0
69625	0	0	1	0	0	0	0
69650	1	0	1	0	0	0	0
69675	1	0	1	0	0	0	0
69700	1	0	1	0	0	0	0
69725	1	0	1	0	0	0	0
69750	1	0	1	0	0	0	0
69775	1	0	1	0	0	0	0
69800	1	0	1	0	0	0	0
69825	1	0	1	0	0	0	0
69850	1	0	1	0	0	0	0
69875	1	0	1	0	0	0	0
69900	1	0	1	0	0	0	0
69925	1	0	1	0	0	0	0
69950	1	0	1	0	0	0	0
69975	1	0	1	0	0	0	0
70000	1	0	1	0	0	0	0
70025	1	0	1	0	0	0	0
70050	1	0	1	0	0	0	0
70075	1	0	1	0	0	0	0
70100	1	0	1	0	0	0	0
70125	1	0	1	0	0	0	0
70150	1	0	1	0	0	0	0
70175	1	0	1	0	0	0	0
70200	1	0	1	0	0	0	0
70225	1	0	1	0	0	0	0
70250	1	0	1	0	0	0	0
70275	1	0	1	0	0	0	0
70300	1	0	1	0	0	0	0
70325	1	0	1	0	0	0	0
70350	1	0	1	0	0	0	0
70375	1	0	1	0	0	0	0
70400	1	0	1	0	0	0	0
70425	1	0	1	0	0	0	0
70450	1	0	1	0	0	0	0
70475	1	0	1	0	0	0	0
70500	1	0	1	0	0	0	0
70525	1	0	1	0	0	0	0
70550	1	0	1	0	0	0	0
70575	1	0	1	0	0	0	0
70600	1	0	1	0	0	0	0
70625	1	0	1	0	0	0	0
70650	1	0	1	0	0	0	0
70675	1	0	1	0	0	0	0
70700	1	0	1	0	0	0	0
70725	1	0	1	0	0	0	0
70750	1	0	1	0	0	0	0
70775	1	0	1	0	0	0	0
70800	1	0	1	0	0	0	0
70825	1	0	1	0	0	0	0
70850	1	0	1	0	0	0	0
70875	1	0	1	0	0	0	0
70900	1	0	1	0	0	0	0
70925	1	0	1	0	0	0	0
70950	1	0	1	0	0	0	0
70975	1	0	1	0	0	0	0
71000	1	0	0	0	0	0	0
71025	1	0	0	0	0	0	0
71050	0	0	0	0	0	0	0
71075	0	0	0	0	0	0	0
71100	1	0	0	0	0	0	0
71125	1	0	0	0	0	0	0
71150	0	0	0	0	0	0	0
71175	0	0	0	0	0	0	0
71200	1	0	0	0	0	0	0
71225	1	0	0	0	0	0	0
71250	1	0	0	0	0	0	0
71275	1	0	0	0	0	0	0
71300	1	0	0	0	0	0	0
71325	1	0	0	0	0	0	0
71350	1	0	0	0	0	0	0
71375	1	0	0	0	0	0	0
71400	0	0	0	0	0	0	0
71425	0	0	0	0	0	0	0
71450	0	0	0	0	0	0	0
71475	0	0	0	0	0	0	0
71500	0	0	0	0	0	0	0
71525	0	0	0	0	0	0	0
71550	0	0	0	0	0	0	0
71575	1	0	0	0	0	0	0
71600	1	0	0	0	0	0	0
71625	1	0	0	0	0	0	0
71650	1	0	0	0	0	0	0
71675	1	0	0	0	0	0	0
71700	1	0	0	0	0	0	0
71725	1	0	0	0	0	0	0
71750	1	0	0	0	0	0	0
71775	1	0	0	0	0	0	0
71800	1	0	0	0	0	0	0
71825	1	0	0	0	0	0	0
71850	0	0	0	0	0	0	0
71875	0	0	0	0	0	0	0
71900	0	0	0	0	0	0	0
71925	0	0	0	0	0	0	0
71950	0	0	0	0	0	0	0
71975	0	0	0	0	0	0	0
72000	0	0	0	0	0	0	0
72025	0	0	0	0	0	0	0
72050	0	0	0	0	0	0	0
72075	0	0	0	0	0	0	0
72100	0	0	0	0	0	0	0
72125	0	0	0	0	0	0	0
72150	0	0	0	0	0	0	0
72175	0	0	0	0	0	0	0
72200	0	0	0	0	0	0	0
72225	0	0	0	0	0	0	0
72250	0	0	0	0	0	0	0
72275	0	0	0	0	0	0	0
72300	0	0	0	0	0	0	0
72325	0	0	0	0	0	0	0
72350	0	0	0	0	0	0	0
72375	0	0	0	0	0	0	0
72400	0	0	0	0	0	0	0
72425	0	0	0	0	0	0	0
72450	0	0	0	0	0	1	0
72475	0	0	0	0	0	1	0
72500	0	0	0	0	0	1	0
72525	0	0	0	0	0	1	0
72550	1	0	0	0	0	1	0
72575	1	0	0	0	0	1	0
72600	0	0	0	0	0	1	0
72625	0	0	0	0	0	1	0
72650	0	0	0	0	0	1	0
72675	0	0	0	0	0	1	0
72700	0	0	0	0	0	1	0
72725	0	0	0	0	0	1	0
72750	0	0	0	0	0	1	0
72775	0	0	0	0	0	1	0
72800	0	0	0	0	0	1	0
72825	0	0	0	0	0	1	0
72850	0	0	0	0	0	1	0
72875	0	0	0	0	0	1	0
72900	0	0	0	0	0	1	0
72925	0	0	0	0	0	1	0
72950	0	0	0	0	0	1	0
72975	0	0	0	0	0	1	0
73000	0	0	0	0	0	1	0
73025	0	0	0	0	0	1	0
73050	0	0	0	0	0	1	0
73075	0	0	0	0	0	1	0
73100	0	0	0	0	0	1	0
73125	0	0	0	0	0	1	0
73150	0	0	0	0	0	1	0
73175	0	0	0	0	0	1	0
73200	0	0	0	0	0	0	0
73225	0	0	0	0	0	0	0
73250	0	0	0	0	0	0	0
73275	0	0	0	0	0	0	0
73300	0	0	0	0	0	0	0
73325	1	0	0	0	0	0	0
73350	1	0	0	0	0	0	0
73375	1	0	0	0	0	0	0
73400	1	0	0	0	0	0	0
73425	1	0	0	0	0	0	0
73450	1	0	0	0	0	0	0
73475	1	0	0	0	0	0	0
73500	1	0	0	0	0	0	0
73525	1	0	0	0	0	0	0
73550	1	0	0	0	0	0	0
73575	0	0	0	0	0	0	0
73600	0	0	0	0	0	0	0
73625	0	1	0	0	0	0	0
73650	1	0	0	0	0	0	0
73675	0	1	0	0	0	0	0
73700	0	1	0	0	0	0	0
73725	0	1	0	0	0	0	0
73750	0	0	0	0	0	0	0
73775	0	1	0	0	0	0	0
73800	0	1	0	0	0	0	0
73825	0	1	0	0	0	0	0
73850	0	1	0	0	0	0	0
73875	0	1	0	0	0	0	0
73900	0	1	0	0	0	0	0
73925	0	1	0	0	0	0	0
73950	0	1	0	0	0	0	0
73975	0	1	0	0	0	0	0
74000	0	1	0	0	0	0	0
74025	0	0	0	0	0	0	0
74050	0	1	0	0	0	0	0
74075	0	1	0	0	0	0	0
74100	0	1	0	0	0	0	0
74125	0	1	0	0	0	0	0
74150	0	1	0	0	0	0	0
74175	0	1	0	0	0	0	0
74200	0	1	0	0	0	0	0
74225	0	1	0	0	0	0	0
74250	0	1	0	0	0	0	0
74275	0	1	0	0	0	0	0
74300	0	1	0	0	0	0	0
74325	0	1	0	0	0	0	0
74350	0	1	0	0	0	0	0
74375	0	1	0	0	0	0	0
74400	0	1	0	0	0	0	0
74425	0	1	0	0	0	0	0
74450	0	1	0	0	0	0	0
74475	0	1	0	0	0	0	0
74500	0	1	0	0	0	0	0
74525	0	1	0	0	0	0	0
74550	0	1	0	0	0	0	0
74575	0	1	0	0	0	0	0
74600	0	1	0	0	0	0	0
74625	0	1	0	0	0	0	0
74650	0	1	0	0	0	0	0
74675	0	1	0	0	0	0	0
74700	0	1	0	0	0	0	0
74725	0	1	0	0	0	0	0
74750	0	1	0	0	0	0	0
74775	0	1	0	0	0	0	0
74800	0	0	0	0	0	0	0
74825	0	0	0	0	0	0	0
74850	0	1	0	0	0	0	0
74875	0	1	0	0	0	0	0
74900	0	1	0	0	0	0	0
74925	0	0	0	0	0	0	0
74950	0	0	0	0	0	0	0
74975	0	1	0	0	0	0	0
75000	0	1	0	0	0	0	0
75025	0	1	0	0	0	0	0
75050	0	1	0	0	0	0	0
75075	0	1	0	0	0	0	0
75100	0	1	0	0	0	0	0
75125	0	1	0	0	0	0	0
75150	0	1	0	0	0	0	0
75175	0	1	0	0	0	0	0
75200	0	1	0	0	0	0	0
75225	0	1	0	0	0	0	0
75250	0	0	0	0	0	0	0
75275	0	0	0	0	0	0	0
75300	0	0	0	0	0	0	0
75325	0	0	0	0	0	0	0
75350	0	0	0	0	0	0	0
75375	0	0	0	0	0	0	0
75400	0	0	0	0	0	0	0
75425	0	0	0	0	0	0	0
75450	0	0	0	0	0	0	0
75475	0	0	0	0	0	0	0
75500	0	0	0	0	0	0	0
75525	0	0	0	0	0	0	0
75550	0	0	0	0	0	0	0
75575	0	0	0	0	0	0	0
75600	0	0	0	0	0	0	0
75625	0	0	0	0	0	0	0
75650	0	0	0	0	0	0	0
75675	0	0	0	0	0	0	0
75700	0	0	0	0	0	0	0
75725	0	0	0	0	0	0	0
75750	0	0	0	0	0	0	0
75775	0	0	0	0	0	0	0
75800	0	0	0	0	0	0	0
75825	0	0	0	0	0	0	0
75850	0	0	0	0	0	0	0
75875	0	0	0	0	0	0	0
75900	0	0	0	0	0	0	0
75925	0	0	0	0	0	0	0
75950	0	0	0	0	0	0	0
75975	0	0	0	0	0	0	0
76000	0	0	0	0	0	0	0
76025	0	0	0	0	0	0	0
76050	0	0	0	0	0	0	0
76075	0	0	0	0	0	0	0
76100	0	0	0	0	0	0	0
76125	0	0	0	0	0	0	0
76150	0	0	0	0	0	0	0
76175	0	0	0	0	0	0	0
76200	0	0	0	0	0	0	0
76225	0	0	0	0	0	0	0
76250	0	0	0	0	0	0	0
76275	0	0	0	0	0	0	0
76300	0	0	0	0	0	0	0
76325	0	0	0	0	0	0	0
76350	0	0	0	0	0	0	0
76375	0	0	0	0	0	0	1
76400	0	0	0	0	0	0	1
76425	0	0	0	0	0	0	1
76450	1	0	0	0	0	0	1
76475	1	0	0	0	0	0	1
76500	1	0	0	0	0	0	1
76525	1	0	0	0	0	0	1
76550	1	0	0	0	0	0	1
76575	1	0	0	0	0	0	1
76600	1	0	0	0	0	0	1
76625	1	0	0	0	0	0	1
76650	1	0	0	0	0	0	1
76675	1	0	0	0	0	0	1
76700	1	0	0	0	0	0	1
76725	1	0	0	0	0	0	1
76750	1	0	0	0	0	0	1
76775	1	0	0	0	0	0	1
76800	1	0	0	0	0	0	1
76825	1	0	0	0	0	0	1
76850	1	0	0	0	0	0	1
76875	1	0	0	0	0	0	1
76900	1	0	0	0	0	0	1
76925	1	0	0	0	0	0	1
76950	1	0	0	0	0	0	1
76975	1	0	0	0	0	0	1
77000	1	0	0	0	0	0	1
77025	1	0	0	0	0	0	1
77050	1	0	0	0	0	0	1
77075	1	0	0	0	0	0	1
77100	1	0	0	0	0	0	1
77125	1	0	0	0	0	0	1
77150	1	0	0	0	0	0	1
77175	1	0	0	0	0	0	1
77200	1	0	0	0	0	0	1
77225	1	0	0	0	0	0	1
77250	1	0	0	0	0	0	1
77275	1	0	0	0	0	0	1
77300	1	0	0	0	0	0	1
77325	1	0	0	0	0	0	1
77350	0	0	0	0	0	0	0
77375	0	0	0	0	0	0	0
77400	0	0	0	0	0	0	0
77425	1	0	0	0	0	0	0
77450	1	0	0	0	0	0	1
77475	1	0	0	0	0	0	1
77500	1	0	0	0	0	0	1
77525	1	0	0	0	0	0	1
77550	1	0	0	0	0	0	1
77575	1	0	0	0	0	0	1
77600	1	0	0	0	0	0	1
77625	1	0	0	0	0	0	1
77650	1	0	0	0	0	0	1
77675	1	0	0	0	0	0	1
77700	1	0	0	0	0	0	1
77725	1	0	0	0	0	0	1
77750	1	0	0	0	0	0	1
77775	1	0	0	0	0	0	1
77800	1	0	0	0	0	0	1
77825	1	0	0	0	0	0	1
77850	1	0	0	0	0	0	1
77875	1	0	0	0	0	0	1
77900	1	0	0	0	0	0	1
77925	1	0	0	0	0	0	1
77950	1	0	0	0	0	0	1
77975	1	0	0	0	0	0	1
78000	1	0	0	0	0	0	1
78025	1	0	0	0	0	0	1
78050	1	0	0	0	0	0	1
78075	1	0	0	0	0	0	1
78100	1	0	0	0	0	0	1
78125	1	0	0	0	0	0	1
78150	1	0	0	0	0	0	1
78175	1	0	0	0	0	0	1
78200	1	0	0	0	0	0	1
78225	1	0	0	0	0	0	1
78250	1	0	0	0	0	0	1
78275	1	0	0	0	0	0	1
78300	1	0	0	0	0	0	1
78325	1	0	0	0	0	0	1
78350	1	0	0	0	0	0	1
78375	1	0	0	0	0	0	1
78400	1	0	0	0	0	0	1
78425	1	0	0	0	0	0	1
78450	1	0	0	0	0	0	1
78475	1	0	0	0	0	0	1
78500	1	0	0	0	0	0	1
78525	1	0	0	0	0	0	1
78550	1	0	0	0	0	0	1
78575	1	0	0	0	0	0	1
78600	1	0	0	0	0	0	1
78625	1	0	0	0	0	0	1
78650	1	0	0	0	0	0	1
78675	1	0	0	0	0	0	1
78700	1	0	0	0	0	0	1
78725	1	0	0	0	0	0	1
78750	1	0	0	0	0	0	1
78775	1	0	0	0	0	0	1
78800	1	0	0	0	0	0	1
78825	1	0	0	0	0	0	1
78850	1	0	0	0	0	0	1
78875	1	0	0	0	0	0	1
78900	1	0	0	0	0	0	1
78925	1	0	0	0	0	0	1
78950	1	0	0	0	0	0	1
78975	1	0	0	0	0	0	1
79000	1	0	0	0	0	0	1
79025	1	0	0	0	0	0	1
79050	1	0	0	0	0	0	1
79075	1	0	0	0	0	0	1
79100	1	0	0	0	0	0	1
79125	1	0	0	0	0	0	1
79150	1	0	0	0	0	0	1
79175	1	0	0	0	0	0	1
79200	1	0	0	0	0	0	1
79225	1	0	0	0	0	0	1
79250	1	0	0	0	0	0	1
79275	1	0	0	0	0	0	1
79300	1	0	0	0	0	0	1
79325	1	0	0	0	0	0	1
79350	1	0	0	0	0	0	1
79375	1	0	0	0	0	0	1
79400	1	0	0	0	0	0	1
79425	1	0	0	0	0	0	1
79450	1	0	0	0	0	0	1
79475	1	0	0	0	0	0	1
79500	1	0	0	0	0	0	1
79525	1	0	0	0	0	0	1
79550	1	0	0	0	0	0	1
79575	1	0	0	0	0	0	1
79600	1	0	0	0	0	0	1
79625	1	0	0	0	0	0	1
79650	1	0	0	0	0	0	1
79675	1	0	0	0	0	0	1
79700	1	0	0	0	0	0	1
79725	1	0	0	0	0	0	1
79750	1	0	0	0	0	0	1
79775	1	0	0	0	0	0	1
79800	1	0	0	0	0	0	1
79825	1	0	0	0	0	0	1
79850	1	0	0	0	0	0	1
79875	1	0	0	0	0	0	1
79900	1	0	0	0	0	0	1
79925	1	0	0	0	0	0	1
79950	1	0	0	0	0	0	1
79975	1	0	0	0	0	0	1
80000	1	0	0	0	0	0	1
80025	1	0	0	0	0	0	1
80050	1	0	0	0	0	0	1
80075	1	0	0	0	0	0	1
80100	1	0	0	0	0	0	1
80125	1	0	0	0	0	0	1
80150	1	0	0	0	0	0	1
80175	1	0	0	0	0	0	1
80200	1	0	0	0	0	0	1
80225	1	0	0	0	0	0	1
80250	1	0	0	0	0	0	1
80275	1	0	0	0	0	0	1
80300	1	0	0	0	0	0	1
80325	1	0	0	0	0	0	1
80350	1	0	0	0	0	0	1
80375	1	0	0	0	0	0	1
80400	1	0	0	0	0	0	1
80425	1	0	0	0	0	0	1
80450	1	0	0	0	0	0	1
80475	1	0	0	0	0	0	1
80500	1	0	0	0	0	0	1
80525	1	0	0	0	0	0	1
80550	1	0	0	0	0	0	1
80575	1	0	0	0	0	0	1
80600	1	0	0	0	0	0	1
80625	1	0	0	0	0	0	1
80650	1	0	0	0	0	0	1
80675	1	0	0	0	0	0	1
80700	1	0	0	0	0	0	1
80725	1	0	0	0	0	0	1
80750	1	0	0	0	0	0	1
80775	1	0	0	0	0	0	1
80800	1	0	0	0	0	0	1
80825	1	0	0	0	0	0	1
80850	1	0	0	0	0	0	1
80875	1	0	0	0	0	0	1
80900	1	0	0	0	0	0	1
80925	1	0	0	0	0	0	1
80950	1	0	0	0	0	0	1
80975	1	0	0	0	0	0	1
81000	1	0	0	0	0	0	1
81025	1	0	0	0	0	0	1
81050	1	0	0	0	0	0	1
81075	1	0	0	0	0	0	1
81100	1	0	0	0	0	0	1
81125	1	0	0	0	0	0	1
81150	1	0	0	0	0	0	1
81175	1	0	0	0	0	0	1
81200	1	0	0	0	0	0	1
81225	1	0	0	0	0	0	1
81250	1	0	0	0	0	0	1
81275	1	0	0	0	0	0	1
81300	1	0	0	0	0	0	1
81325	1	0	0	0	0	0	1
81350	1	0	0	0	0	0	1
81375	1	0	0	0	0	0	1
81400	1	0	0	0	0	0	1
81425	1	0	0	0	0	0	1
81450	1	0	0	0	0	0	1
81475	1	0	0	0	0	0	1
81500	1	0	0	0	0	0	1
81525	1	0	0	0	0	0	1
81550	1	0	0	0	0	0	1
81575	1	0	0	0	0	0	1
81600	1	0	0	0	0	0	1
81625	1	0	0	0	0	0	1
81650	1	0	0	0	0	0	1
81675	1	0	0	0	0	0	1
81700	1	0	0	0	0	0	1
81725	1	0	0	0	0	0	1
81750	1	0	0	0	0	0	1
81775	1	0	0	0	0	0	1
81800	1	0	0	0	0	0	1
81825	1	0	0	0	0	0	1
81850	1	0	0	0	0	0	1
81875	1	0	0	0	0	0	1
81900	1	0	0	0	0	0	1
81925	1	0	0	0	0	0	1
81950	1	0	0	0	0	0	1
81975	1	0	0	0	0	0	1
82000	1	0	0	0	0	0	1
82025	1	0	0	0	0	0	1
82050	1	0	0	0	0	0	1
82075	1	0	0	0	0	0	1
82100	1	0	0	0	0	0	1
82125	1	0	0	0	0	0	1
82150	1	0	0	0	0	0	1
82175	0	0	0	0	0	0	1
82200	0	0	0	0	0	0	1
82225	1	0	0	0	0	0	1
82250	1	0	0	0	0	0	1
82275	1	0	0	0	0	0	1
82300	1	0	0	0	0	0	1
82325	1	0	0	0	0	0	1
82350	0	0	0	0	0	0	0
82375	0	0	0	0	0	0	0
82400	0	0	0	0	0	0	0
82425	0	0	0	0	0	0	0
82450	0	0	0	0	0	0	0
82475	0	0	0	0	0	0	0
82500	0	0	0	0	0	0	0
82525	0	0	0	0	0	0	0
82550	0	0	0	0	0	0	0
82575	0	0	0	0	0	0	1
82600	0	0	0	0	0	0	1
82625	0	0	0	0	0	0	1
82650	0	0	0	0	0	0	1
82675	0	0	0	0	0	0	1
82700	1	0	0	0	0	0	1
82725	1	0	0	0	0	0	1
82750	1	0	0	0	0	0	1
82775	0	0	0	0	0	0	1
82800	1	0	0	0	0	0	1
82825	1	0	0	0	0	1	1
82850	1	0	0	0	0	1	1
82875	1	0	0	0	0	1	1
82900	1	0	0	0	0	0	1
82925	1	0	0	0	0	0	1
82950	1	0	0	0	0	1	1
82975	1	0	0	0	0	1	1
83000	1	0	0	0	0	1	1
83025	1	0	0	0	0	1	1
83050	1	0	0	0	0	1	1
83075	1	0	0	0	0	1	1
83100	1	0	0	0	0	1	1
83125	1	0	0	0	0	1	1
83150	1	0	0	0	0	0	1
83175	1	0	0	0	0	1	1
83200	1	0	0	0	0	1	1
83225	1	0	0	0	0	1	1
83250	1	0	0	0	0	0	1
83275	1	0	0	0	0	0	1
83300	1	0	0	0	0	0	1
83325	1	0	0	0	0	0	1
83350	1	0	0	0	0	0	1
83375	1	0	0	0	0	0	1
83400	1	0	0	0	0	0	1
83425	1	0	0	0	0	0	1
83450	1	0	0	0	0	0	1
83475	1	0	0	0	0	0	1
83500	1	0	0	0	0	0	1
83525	1	0	0	0	0	0	1
83550	1	1	0	0	0	0	1
83575	1	1	0	0	0	0	1
83600	1	1	0	0	0	0	1
83625	1	1	0	0	0	0	1
83650	1	1	0	0	0	0	1
83675	1	1	0	0	0	0	1
83700	1	1	0	0	0	0	1
83725	1	1	0	0	0	0	1
83750	1	1	0	0	0	0	1
83775	1	1	0	0	0	0	1
83800	1	1	0	0	0	0	1
83825	1	1	0	0	0	0	1
83850	1	1	0	0	0	0	1
83875	1	1	0	0	0	0	1
83900	1	1	0	0	0	0	1
83925	1	1	0	0	0	0	1
83950	1	1	0	0	0	0	1
83975	1	1	0	0	0	0	1
84000	1	1	0	0	0	0	1
84025	1	1	0	0	0	0	1
84050	1	1	0	0	0	0	1
84075	1	1	0	0	0	0	1
84100	0	1	0	0	0	0	0
84125	0	1	0	0	0	0	0
84150	0	1	0	0	0	0	0
84175	0	1	0	0	0	0	1
84200	0	1	0	0	0	0	1
84225	0	1	0	0	0	0	1
84250	0	1	0	0	0	0	1
84275	0	1	0	0	0	0	1
84300	0	1	0	0	0	0	1
84325	0	1	0	0	0	0	1
84350	0	1	0	0	0	0	1
84375	0	1	0	0	0	0	1
84400	0	1	0	0	0	0	1
84425	0	1	0	0	0	0	1
84450	0	1	0	0	0	0	1
84475	0	1	0	0	0	0	1
84500	0	1	0	0	0	0	1
84525	0	1	0	0	0	0	1
84550	0	1	0	0	0	0	1
84575	0	1	0	0	0	0	1
84600	0	1	0	0	0	0	1
84625	0	1	0	0	0	0	1
84650	0	1	0	0	0	0	1
84675	0	1	0	0	0	0	1
84700	0	1	0	0	0	0	1
84725	0	1	0	0	0	0	1
84750	0	0	0	0	0	0	1
84775	0	0	0	0	0	0	1
84800	0	0	0	0	0	0	1
84825	1	0	0	0	0	0	1
84850	1	0	0	0	0	0	1
84875	1	0	0	0	0	0	1
84900	1	0	0	0	0	0	1
84925	1	0	0	0	0	0	1
84950	1	0	0	0	0	0	1
84975	1	0	0	0	0	0	1
85000	1	0	0	0	0	0	1
85025	1	0	0	0	0	0	1
85050	1	0	0	0	0	0	1
85075	1	0	0	0	0	0	1
85100	1	0	0	0	0	0	1
85125	1	0	0	0	0	0	1
85150	0	0	0	0	0	0	0
85175	0	0	0	0	0	0	0
85200	0	0	0	0	0	0	0
85225	0	0	0	0	0	0	0
85250	0	0	0	0	0	0	0
85275	0	0	0	0	0	0	0
85300	0	0	0	0	0	0	0
85325	0	0	0	0	0	0	0
85350	0	0	0	0	0	0	0
85375	0	0	0	0	0	0	0
85400	0	0	0	0	0	0	0
85425	0	0	0	0	0	0	0
85450	0	0	0	0	0	0	0
85475	0	0	0	0	0	0	0
85500	0	0	0	0	0	0	0
85525	0	0	0	0	0	0	0
85550	0	0	0	0	0	0	0
85575	0	0	0	0	0	0	0
85600	0	0	0	0	0	0	0
85625	0	0	0	0	0	0	0
85650	1	0	0	0	0	0	0
85675	1	0	0	0	0	0	0
85700	1	0	0	0	0	0	0
85725	1	0	0	0	0	0	0
85750	1	0	0	0	0	0	0
85775	1	0	0	0	0	0	0
85800	1	0	0	0	0	0	0
