Frame	Grasper	Bipolar	Hook	Scissors	Clipper	Irrigator	SpecimenBag
0	0	0	0	0	0	0	0
25	0	0	0	0	0	0	0
50	0	0	0	0	0	0	0
75	0	0	0	0	0	0	0
100	0	0	0	0	0	0	0
125	1	0	0	0	0	0	0
150	1	0	0	0	0	0	0
175	1	0	0	0	0	0	0
200	1	0	0	0	0	0	0
225	1	0	0	0	0	0	0
250	1	0	0	0	0	0	0
275	1	0	0	0	0	0	0
300	1	0	0	0	0	0	0
325	1	0	0	0	0	0	0
350	1	0	0	0	0	0	0
375	1	0	0	0	0	0	0
400	1	0	0	0	0	0	0
425	1	0	0	0	0	0	0
450	1	0	0	0	0	0	0
475	1	0	0	0	0	0	0
500	1	0	0	0	0	0	0
525	1	0	0	0	0	0	0
550	1	0	0	0	0	0	0
575	1	0	0	0	0	0	0
600	1	0	0	0	0	0	0
625	1	0	0	0	0	0	0
650	1	0	0	0	0	0	0
675	1	0	0	0	0	0	0
700	1	0	0	0	0	0	0
725	1	0	0	0	0	0	0
750	1	0	0	0	0	0	0
775	1	0	0	0	0	0	0
800	1	0	0	0	0	0	0
825	1	0	0	0	0	0	0
850	1	0	0	0	0	0	0
875	1	0	0	0	0	0	0
900	1	0	0	0	0	0	0
925	1	0	0	0	0	0	0
950	1	0	0	0	0	0	0
975	1	0	0	0	0	0	0
1000	1	0	0	0	0	0	0
1025	1	0	0	0	0	0	0
1050	1	0	0	0	0	0	0
1075	1	0	0	0	0	0	0
1100	1	0	0	0	0	0	0
1125	1	0	0	0	0	0	0
1150	1	0	0	0	0	0	0
1175	1	0	0	0	0	0	0
1200	1	0	0	0	0	0	0
1225	1	0	0	0	0	0	0
1250	1	0	0	0	0	0	0
1275	1	0	0	0	0	0	0
1300	1	0	0	0	0	0	0
1325	1	0	0	0	0	0	0
1350	1	0	0	0	0	0	0
1375	1	0	0	0	0	0	0
1400	1	0	0	0	0	0	0
1425	1	0	0	0	0	0	0
1450	1	0	0	0	0	0	0
1475	1	0	0	0	0	0	0
1500	1	0	0	0	0	0	0
1525	1	0	0	0	0	0	0
1550	1	0	0	0	0	0	0
1575	1	0	0	0	0	0	0
1600	1	0	0	0	0	0	0
1625	1	0	0	0	0	0	0
1650	1	0	0	0	0	0	0
1675	1	0	0	0	0	0	0
1700	1	0	0	0	0	0	0
1725	1	0	0	0	0	0	0
1750	1	0	0	0	0	0	0
1775	1	0	0	0	0	0	0
1800	1	0	0	0	0	0	0
1825	1	0	1	0	0	0	0
1850	1	0	1	0	0	0	0
1875	1	0	1	0	0	0	0
1900	1	0	1	0	0	0	0
1925	1	0	1	0	0	0	0
1950	1	0	1	0	0	0	0
1975	1	0	1	0	0	0	0
2000	1	0	1	0	0	0	0
2025	1	0	0	0	0	0	0
2050	1	0	1	0	0	0	0
2075	1	0	1	0	0	0	0
2100	1	0	1	0	0	0	0
2125	1	0	1	0	0	0	0
2150	1	0	1	0	0	0	0
2175	1	0	1	0	0	0	0
2200	1	0	1	0	0	0	0
2225	1	0	1	0	0	0	0
2250	1	0	1	0	0	0	0
2275	1	0	1	0	0	0	0
2300	1	0	1	0	0	0	0
2325	1	0	1	0	0	0	0
2350	1	0	0	0	0	0	0
2375	1	0	0	0	0	0	0
2400	1	0	0	0	0	0	0
2425	1	0	1	0	0	0	0
2450	1	0	1	0	0	0	0
2475	1	0	1	0	0	0	0
2500	1	0	0	0	0	0	0
2525	1	0	1	0	0	0	0
2550	1	0	1	0	0	0	0
2575	1	0	1	0	0	0	0
2600	1	0	1	0	0	0	0
2625	1	0	1	0	0	0	0
2650	1	0	1	0	0	0	0
2675	1	0	1	0	0	0	0
2700	1	0	1	0	0	0	0
2725	1	0	1	0	0	0	0
2750	1	0	1	0	0	0	0
2775	1	0	1	0	0	0	0
2800	1	0	1	0	0	0	0
2825	1	0	1	0	0	0	0
2850	1	0	1	0	0	0	0
2875	1	0	1	0	0	0	0
2900	1	0	1	0	0	0	0
2925	1	0	1	0	0	0	0
2950	1	0	1	0	0	0	0
2975	1	0	1	0	0	0	0
3000	1	0	1	0	0	0	0
3025	1	0	1	0	0	0	0
3050	1	0	1	0	0	0	0
3075	1	0	1	0	0	0	0
3100	1	0	1	0	0	0	0
3125	1	0	1	0	0	0	0
3150	1	0	1	0	0	0	0
3175	1	0	1	0	0	0	0
3200	1	0	1	0	0	0	0
3225	1	0	1	0	0	0	0
3250	1	0	1	0	0	0	0
3275	1	0	1	0	0	0	0
3300	1	0	1	0	0	0	0
3325	1	0	1	0	0	0	0
3350	1	0	1	0	0	0	0
3375	1	0	1	0	0	0	0
3400	1	0	1	0	0	0	0
3425	1	0	1	0	0	0	0
3450	1	0	1	0	0	0	0
3475	1	0	1	0	0	0	0
3500	1	0	1	0	0	0	0
3525	1	0	1	0	0	0	0
3550	1	0	1	0	0	0	0
3575	1	0	1	0	0	0	0
3600	1	0	1	0	0	0	0
3625	1	0	1	0	0	0	0
3650	1	0	1	0	0	0	0
3675	1	0	1	0	0	0	0
3700	1	0	1	0	0	0	0
3725	1	0	1	0	0	0	0
3750	1	0	1	0	0	0	0
3775	1	0	1	0	0	0	0
3800	1	0	1	0	0	0	0
3825	1	0	1	0	0	0	0
3850	1	0	1	0	0	0	0
3875	1	0	1	0	0	0	0
3900	1	0	1	0	0	0	0
3925	1	0	1	0	0	0	0
3950	1	0	1	0	0	0	0
3975	1	0	1	0	0	0	0
4000	1	0	1	0	0	0	0
4025	1	0	1	0	0	0	0
4050	1	0	1	0	0	0	0
4075	1	0	1	0	0	0	0
4100	1	0	1	0	0	0	0
4125	1	0	1	0	0	0	0
4150	1	0	1	0	0	0	0
4175	1	0	1	0	0	0	0
4200	1	0	1	0	0	0	0
4225	1	0	1	0	0	0	0
4250	1	0	1	0	0	0	0
4275	1	0	1	0	0	0	0
4300	1	0	1	0	0	0	0
4325	1	0	1	0	0	0	0
4350	1	0	1	0	0	0	0
4375	1	0	1	0	0	0	0
4400	1	0	1	0	0	0	0
4425	1	0	1	0	0	0	0
4450	1	0	1	0	0	0	0
4475	1	0	1	0	0	0	0
4500	1	0	1	0	0	0	0
4525	1	0	1	0	0	0	0
4550	1	0	1	0	0	0	0
4575	1	0	1	0	0	0	0
4600	1	0	1	0	0	0	0
4625	1	0	1	0	0	0	0
4650	1	0	1	0	0	0	0
4675	1	0	1	0	0	0	0
4700	1	0	1	0	0	0	0
4725	1	0	1	0	0	0	0
4750	1	0	1	0	0	0	0
4775	1	0	1	0	0	0	0
4800	1	0	1	0	0	0	0
4825	1	0	1	0	0	0	0
4850	1	0	1	0	0	0	0
4875	1	0	1	0	0	0	0
4900	1	0	1	0	0	0	0
4925	1	0	1	0	0	0	0
4950	1	0	1	0	0	0	0
4975	1	0	1	0	0	0	0
5000	1	0	1	0	0	0	0
5025	1	0	1	0	0	0	0
5050	1	0	1	0	0	0	0
5075	1	0	1	0	0	0	0
5100	1	0	1	0	0	0	0
5125	1	0	1	0	0	0	0
5150	1	0	1	0	0	0	0
5175	1	0	1	0	0	0	0
5200	1	0	1	0	0	0	0
5225	1	0	1	0	0	0	0
5250	1	0	1	0	0	0	0
5275	1	0	1	0	0	0	0
5300	1	0	1	0	0	0	0
5325	1	0	1	0	0	0	0
5350	1	0	1	0	0	0	0
5375	1	0	1	0	0	0	0
5400	1	0	1	0	0	0	0
5425	1	0	1	0	0	0	0
5450	1	0	1	0	0	0	0
5475	1	0	1	0	0	0	0
5500	1	0	1	0	0	0	0
5525	1	0	1	0	0	0	0
5550	1	0	1	0	0	0	0
5575	1	0	1	0	0	0	0
5600	1	0	1	0	0	0	0
5625	1	0	1	0	0	0	0
5650	1	0	1	0	0	0	0
5675	1	0	1	0	0	0	0
5700	1	0	1	0	0	0	0
5725	1	0	1	0	0	0	0
5750	1	0	1	0	0	0	0
5775	1	0	1	0	0	0	0
5800	1	0	1	0	0	0	0
5825	1	0	1	0	0	0	0
5850	1	0	1	0	0	0	0
5875	1	0	1	0	0	0	0
5900	1	0	1	0	0	0	0
5925	1	0	1	0	0	0	0
5950	0	0	1	0	0	0	0
5975	0	0	1	0	0	0	0
6000	0	0	1	0	0	0	0
6025	0	0	1	0	0	0	0
6050	0	0	1	0	0	0	0
6075	0	0	1	0	0	0	0
6100	0	0	1	0	0	0	0
6125	0	0	1	0	0	0	0
6150	0	0	1	0	0	0	0
6175	0	0	1	0	0	0	0
6200	0	0	1	0	0	0	0
6225	0	0	1	0	0	0	0
6250	0	0	1	0	0	0	0
6275	0	0	1	0	0	0	0
6300	0	0	1	0	0	0	0
6325	0	0	1	0	0	0	0
6350	0	0	1	0	0	0	0
6375	0	0	1	0	0	0	0
6400	0	0	1	0	0	0	0
6425	0	0	1	0	0	0	0
6450	0	0	1	0	0	0	0
6475	0	0	1	0	0	0	0
6500	0	0	1	0	0	0	0
6525	0	0	1	0	0	0	0
6550	0	0	1	0	0	0	0
6575	0	0	1	0	0	0	0
6600	0	0	1	0	0	0	0
6625	0	0	1	0	0	0	0
6650	0	0	1	0	0	0	0
6675	0	0	1	0	0	0	0
6700	0	0	1	0	0	0	0
6725	0	0	1	0	0	0	0
6750	0	0	1	0	0	0	0
6775	0	0	1	0	0	0	0
6800	0	0	1	0	0	0	0
6825	0	0	1	0	0	0	0
6850	0	0	1	0	0	0	0
6875	0	0	1	0	0	0	0
6900	0	0	1	0	0	0	0
6925	0	0	1	0	0	0	0
6950	0	0	1	0	0	0	0
6975	0	0	1	0	0	0	0
7000	0	0	1	0	0	0	0
7025	0	0	1	0	0	0	0
7050	0	0	1	0	0	0	0
7075	0	0	1	0	0	0	0
7100	0	0	1	0	0	0	0
7125	0	0	1	0	0	0	0
7150	0	0	1	0	0	0	0
7175	0	0	1	0	0	0	0
7200	0	0	1	0	0	0	0
7225	0	0	1	0	0	0	0
7250	0	0	1	0	0	0	0
7275	0	0	1	0	0	0	0
7300	0	0	1	0	0	0	0
7325	0	0	1	0	0	0	0
7350	0	0	1	0	0	0	0
7375	0	0	1	0	0	0	0
7400	0	0	1	0	0	0	0
7425	0	0	1	0	0	0	0
7450	0	0	1	0	0	0	0
7475	0	0	1	0	0	0	0
7500	0	0	1	0	0	0	0
7525	0	0	1	0	0	0	0
7550	0	0	1	0	0	0	0
7575	0	0	1	0	0	0	0
7600	0	0	1	0	0	0	0
7625	0	0	1	0	0	0	0
7650	0	0	1	0	0	0	0
7675	0	0	1	0	0	0	0
7700	0	0	1	0	0	0	0
7725	0	0	1	0	0	0	0
7750	0	0	1	0	0	0	0
7775	0	0	1	0	0	0	0
7800	0	0	1	0	0	0	0
7825	0	0	1	0	0	0	0
7850	0	0	1	0	0	0	0
7875	0	0	1	0	0	0	0
7900	0	0	1	0	0	0	0
7925	0	0	1	0	0	0	0
7950	0	0	1	0	0	0	0
7975	0	0	1	0	0	0	0
8000	0	0	1	0	0	0	0
8025	0	0	1	0	0	0	0
8050	0	0	1	0	0	0	0
8075	0	0	1	0	0	0	0
8100	0	0	1	0	0	0	0
8125	0	0	1	0	0	0	0
8150	0	0	1	0	0	0	0
8175	0	0	1	0	0	0	0
8200	0	0	1	0	0	0	0
8225	0	0	1	0	0	0	0
8250	0	0	1	0	0	0	0
8275	0	0	1	0	0	0	0
8300	0	0	1	0	0	0	0
8325	0	0	1	0	0	0	0
8350	0	0	1	0	0	0	0
8375	0	0	1	0	0	0	0
8400	1	0	1	0	0	0	0
8425	1	0	1	0	0	0	0
8450	1	0	1	0	0	0	0
8475	1	0	1	0	0	0	0
8500	1	0	1	0	0	0	0
8525	0	0	1	0	0	0	0
8550	1	0	1	0	0	0	0
8575	1	0	1	0	0	0	0
8600	1	0	1	0	0	0	0
8625	1	0	1	0	0	0	0
8650	1	0	0	0	0	0	0
8675	1	0	1	0	0	0	0
8700	1	0	1	0	0	0	0
8725	1	0	1	0	0	0	0
8750	1	0	1	0	0	0	0
8775	1	0	1	0	0	0	0
8800	0	0	1	0	0	0	0
8825	0	0	1	0	0	0	0
8850	0	0	1	0	0	0	0
8875	0	0	1	0	0	0	0
8900	0	0	1	0	0	0	0
8925	0	0	1	0	0	0	0
8950	0	0	1	0	0	0	0
8975	0	0	1	0	0	0	0
9000	0	0	1	0	0	0	0
9025	0	0	1	0	0	0	0
9050	1	0	1	0	0	0	0
9075	1	0	1	0	0	0	0
9100	1	0	1	0	0	0	0
9125	1	0	1	0	0	0	0
9150	1	0	1	0	0	0	0
9175	1	0	1	0	0	0	0
9200	1	0	1	0	0	0	0
9225	1	0	1	0	0	0	0
9250	1	0	1	0	0	0	0
9275	1	0	0	0	0	0	0
9300	1	0	1	0	0	0	0
9325	1	0	1	0	0	0	0
9350	1	0	1	0	0	0	0
9375	1	0	1	0	0	0	0
9400	1	0	1	0	0	0	0
9425	1	0	1	0	0	0	0
9450	1	0	1	0	0	0	0
9475	1	0	1	0	0	0	0
9500	1	0	1	0	0	0	0
9525	1	0	1	0	0	0	0
9550	1	0	1	0	0	0	0
9575	1	0	1	0	0	0	0
9600	1	0	1	0	0	0	0
9625	1	0	1	0	0	0	0
9650	1	0	1	0	0	0	0
9675	1	0	1	0	0	0	0
9700	1	0	1	0	0	0	0
9725	1	0	1	0	0	0	0
9750	1	0	1	0	0	0	0
9775	0	0	1	0	0	0	0
9800	0	0	1	0	0	0	0
9825	0	0	1	0	0	0	0
9850	0	0	1	0	0	0	0
9875	0	0	1	0	0	0	0
9900	0	0	1	0	0	0	0
9925	0	0	1	0	0	0	0
9950	0	0	1	0	0	0	0
9975	0	0	1	0	0	0	0
10000	0	0	1	0	0	0	0
10025	0	0	1	0	0	0	0
10050	0	0	1	0	0	0	0
10075	0	0	1	0	0	0	0
10100	0	0	1	0	0	0	0
10125	0	0	1	0	0	0	0
10150	0	0	1	0	0	0	0
10175	0	0	1	0	0	0	0
10200	0	0	1	0	0	0	0
10225	0	0	1	0	0	0	0
10250	0	0	1	0	0	0	0
10275	0	0	1	0	0	0	0
10300	0	0	1	0	0	0	0
10325	0	0	1	0	0	0	0
10350	0	0	1	0	0	0	0
10375	0	0	1	0	0	0	0
10400	0	0	1	0	0	0	0
10425	0	0	1	0	0	0	0
10450	0	0	1	0	0	0	0
10475	0	0	1	0	0	0	0
10500	0	0	1	0	0	0	0
10525	0	0	1	0	0	0	0
10550	0	0	1	0	0	0	0
10575	0	0	1	0	0	0	0
10600	0	0	1	0	0	0	0
10625	0	0	1	0	0	0	0
10650	0	0	1	0	0	0	0
10675	0	0	1	0	0	0	0
10700	0	0	1	0	0	0	0
10725	0	0	1	0	0	0	0
10750	0	0	1	0	0	0	0
10775	0	0	1	0	0	0	0
10800	0	0	1	0	0	0	0
10825	0	0	1	0	0	0	0
10850	0	0	1	0	0	0	0
10875	0	0	1	0	0	0	0
10900	0	0	1	0	0	0	0
10925	0	0	1	0	0	0	0
10950	0	0	1	0	0	0	0
10975	0	0	1	0	0	0	0
11000	0	0	1	0	0	0	0
11025	0	0	1	0	0	0	0
11050	0	0	1	0	0	0	0
11075	0	0	1	0	0	0	0
11100	0	0	1	0	0	0	0
11125	1	0	1	0	0	0	0
11150	1	0	1	0	0	0	0
11175	1	0	1	0	0	0	0
11200	1	0	1	0	0	0	0
11225	1	0	1	0	0	0	0
11250	1	0	1	0	0	0	0
11275	1	0	1	0	0	0	0
11300	1	0	1	0	0	0	0
11325	1	0	1	0	0	0	0
11350	1	0	1	0	0	0	0
11375	1	0	1	0	0	0	0
11400	1	0	1	0	0	0	0
11425	1	0	1	0	0	0	0
11450	1	0	1	0	0	0	0
11475	1	0	1	0	0	0	0
11500	1	0	1	0	0	0	0
11525	1	0	1	0	0	0	0
11550	1	0	1	0	0	0	0
11575	1	0	1	0	0	0	0
11600	1	0	1	0	0	0	0
11625	1	0	1	0	0	0	0
11650	1	0	1	0	0	0	0
11675	1	0	1	0	0	0	0
11700	1	0	1	0	0	0	0
11725	1	0	1	0	0	0	0
11750	1	0	1	0	0	0	0
11775	1	0	1	0	0	0	0
11800	1	0	1	0	0	0	0
11825	1	0	1	0	0	0	0
11850	1	0	1	0	0	0	0
11875	1	0	1	0	0	0	0
11900	1	0	1	0	0	0	0
11925	1	0	1	0	0	0	0
11950	1	0	1	0	0	0	0
11975	1	0	1	0	0	0	0
12000	1	0	1	0	0	0	0
12025	1	0	1	0	0	0	0
12050	1	0	1	0	0	0	0
12075	1	0	1	0	0	0	0
12100	1	0	1	0	0	0	0
12125	1	0	1	0	0	0	0
12150	1	0	1	0	0	0	0
12175	0	0	1	0	0	0	0
12200	0	0	1	0	0	0	0
12225	0	0	1	0	0	0	0
12250	0	0	1	0	0	0	0
12275	0	0	1	0	0	0	0
12300	0	0	1	0	0	0	0
12325	0	0	1	0	0	0	0
12350	0	0	1	0	0	0	0
12375	0	0	1	0	0	0	0
12400	0	0	1	0	0	0	0
12425	0	0	1	0	0	0	0
12450	0	0	1	0	0	0	0
12475	1	0	1	0	0	0	0
12500	1	0	1	0	0	0	0
12525	1	0	1	0	0	0	0
12550	0	0	1	0	0	0	0
12575	0	0	1	0	0	0	0
12600	0	0	1	0	0	0	0
12625	0	0	1	0	0	0	0
12650	0	0	1	0	0	0	0
12675	0	0	1	0	0	0	0
12700	0	0	1	0	0	0	0
12725	1	0	1	0	0	0	0
12750	1	0	1	0	0	0	0
12775	1	0	1	0	0	0	0
12800	1	0	1	0	0	0	0
12825	1	0	1	0	0	0	0
12850	1	0	1	0	0	0	0
12875	1	0	1	0	0	0	0
12900	1	0	1	0	0	0	0
12925	1	0	1	0	0	0	0
12950	1	0	1	0	0	0	0
12975	0	0	1	0	0	0	0
13000	0	0	1	0	0	0	0
13025	0	0	1	0	0	0	0
13050	0	0	1	0	0	0	0
13075	0	0	1	0	0	0	0
13100	0	0	1	0	0	0	0
13125	0	0	1	0	0	0	0
13150	0	0	1	0	0	0	0
13175	0	0	1	0	0	0	0
13200	0	0	1	0	0	0	0
13225	0	0	1	0	0	0	0
13250	0	0	1	0	0	0	0
13275	0	0	1	0	0	0	0
13300	0	0	1	0	0	0	0
13325	0	0	1	0	0	0	0
13350	0	0	1	0	0	0	0
13375	0	0	1	0	0	0	0
13400	0	0	1	0	0	0	0
13425	0	0	1	0	0	0	0
13450	0	0	1	0	0	0	0
13475	0	0	1	0	0	0	0
13500	0	0	1	0	0	0	0
13525	0	0	1	0	0	0	0
13550	0	0	1	0	0	0	0
13575	0	0	1	0	0	0	0
13600	0	0	1	0	0	0	0
13625	0	0	1	0	0	0	0
13650	0	0	1	0	0	0	0
13675	0	0	1	0	0	0	0
13700	0	0	1	0	0	0	0
13725	0	0	1	0	0	0	0
13750	0	0	1	0	0	0	0
13775	0	0	1	0	0	0	0
13800	0	0	1	0	0	0	0
13825	0	0	1	0	0	0	0
13850	0	0	1	0	0	0	0
13875	0	0	1	0	0	0	0
13900	0	0	1	0	0	0	0
13925	0	0	1	0	0	0	0
13950	0	0	1	0	0	0	0
13975	0	0	1	0	0	0	0
14000	0	0	1	0	0	0	0
14025	0	0	1	0	0	0	0
14050	0	0	1	0	0	0	0
14075	0	0	1	0	0	0	0
14100	0	0	1	0	0	0	0
14125	0	0	1	0	0	0	0
14150	0	0	1	0	0	0	0
14175	0	0	1	0	0	0	0
14200	0	0	1	0	0	0	0
14225	0	0	1	0	0	0	0
14250	0	0	1	0	0	0	0
14275	0	0	1	0	0	0	0
14300	0	0	1	0	0	0	0
14325	0	0	1	0	0	0	0
14350	0	0	1	0	0	0	0
14375	0	0	1	0	0	0	0
14400	0	0	1	0	0	0	0
14425	0	0	1	0	0	0	0
14450	0	0	1	0	0	0	0
14475	0	0	1	0	0	0	0
14500	0	0	1	0	0	0	0
14525	0	0	1	0	0	0	0
14550	0	0	1	0	0	0	0
14575	0	0	1	0	0	0	0
14600	0	0	1	0	0	0	0
14625	0	0	1	0	0	0	0
14650	0	0	1	0	0	0	0
14675	0	0	1	0	0	0	0
14700	0	0	1	0	0	0	0
14725	0	0	1	0	0	0	0
14750	0	0	1	0	0	0	0
14775	0	0	1	0	0	0	0
14800	0	0	1	0	0	0	0
14825	0	0	1	0	0	0	0
14850	0	0	1	0	0	0	0
14875	0	0	1	0	0	0	0
14900	0	0	1	0	0	0	0
14925	0	0	1	0	0	0	0
14950	0	0	1	0	0	0	0
14975	0	0	1	0	0	0	0
15000	0	0	1	0	0	0	0
15025	0	0	1	0	0	0	0
15050	0	0	1	0	0	0	0
15075	0	0	1	0	0	0	0
15100	0	0	1	0	0	0	0
15125	0	0	1	0	0	0	0
15150	0	0	1	0	0	0	0
15175	0	0	1	0	0	0	0
15200	0	0	1	0	0	0	0
15225	0	0	1	0	0	0	0
15250	0	0	1	0	0	0	0
15275	0	0	1	0	0	0	0
15300	0	0	1	0	0	0	0
15325	0	0	1	0	0	0	0
15350	0	0	1	0	0	0	0
15375	0	0	1	0	0	0	0
15400	0	0	1	0	0	0	0
15425	0	0	1	0	0	0	0
15450	0	0	1	0	0	0	0
15475	0	0	1	0	0	0	0
15500	0	0	1	0	0	0	0
15525	0	0	1	0	0	0	0
15550	0	0	1	0	0	0	0
15575	0	0	1	0	0	0	0
15600	0	0	1	0	0	0	0
15625	0	0	1	0	0	0	0
15650	0	0	1	0	0	0	0
15675	0	0	1	0	0	0	0
15700	0	0	1	0	0	0	0
15725	0	0	1	0	0	0	0
15750	0	0	1	0	0	0	0
15775	0	0	1	0	0	0	0
15800	0	0	1	0	0	0	0
15825	0	0	1	0	0	0	0
15850	0	0	1	0	0	0	0
15875	0	0	1	0	0	0	0
15900	0	0	1	0	0	0	0
15925	0	0	1	0	0	0	0
15950	0	0	1	0	0	0	0
15975	0	0	1	0	0	0	0
16000	0	0	1	0	0	0	0
16025	0	0	1	0	0	0	0
16050	0	0	1	0	0	0	0
16075	0	0	1	0	0	0	0
16100	0	0	1	0	0	0	0
16125	0	0	1	0	0	0	0
16150	0	0	1	0	0	0	0
16175	0	0	1	0	0	0	0
16200	0	0	1	0	0	0	0
16225	0	0	1	0	0	0	0
16250	0	0	1	0	0	0	0
16275	0	0	1	0	0	0	0
16300	0	0	1	0	0	0	0
16325	0	0	1	0	0	0	0
16350	0	0	1	0	0	0	0
16375	0	0	1	0	0	0	0
16400	0	0	1	0	0	0	0
16425	0	0	1	0	0	0	0
16450	0	0	1	0	0	0	0
16475	0	0	1	0	0	0	0
16500	0	0	1	0	0	0	0
16525	0	0	1	0	0	0	0
16550	0	0	1	0	0	0	0
16575	1	0	1	0	0	0	0
16600	1	0	1	0	0	0	0
16625	1	0	1	0	0	0	0
16650	1	0	1	0	0	0	0
16675	0	0	1	0	0	0	0
16700	0	0	1	0	0	0	0
16725	0	0	1	0	0	0	0
16750	0	0	1	0	0	0	0
16775	0	0	1	0	0	0	0
16800	0	0	1	0	0	0	0
16825	0	0	1	0	0	0	0
16850	0	0	1	0	0	0	0
16875	0	0	1	0	0	0	0
16900	0	0	1	0	0	0	0
16925	0	0	1	0	0	0	0
16950	0	0	1	0	0	0	0
16975	0	0	1	0	0	0	0
17000	0	0	0	0	0	0	0
17025	0	0	1	0	0	0	0
17050	0	0	1	0	0	0	0
17075	0	0	1	0	0	0	0
17100	0	0	1	0	0	0	0
17125	0	0	1	0	0	0	0
17150	0	0	1	0	0	0	0
17175	0	0	1	0	0	0	0
17200	0	0	1	0	0	0	0
17225	0	0	1	0	0	0	0
17250	0	0	1	0	0	0	0
17275	0	0	1	0	0	0	0
17300	0	0	1	0	0	0	0
17325	0	0	1	0	0	0	0
17350	0	0	1	0	0	0	0
17375	0	0	1	0	0	0	0
17400	0	0	1	0	0	0	0
17425	0	0	1	0	0	0	0
17450	0	0	1	0	0	0	0
17475	0	0	1	0	0	0	0
17500	0	0	1	0	0	0	0
17525	0	0	1	0	0	0	0
17550	0	0	1	0	0	0	0
17575	0	0	1	0	0	0	0
17600	0	0	1	0	0	0	0
17625	0	0	1	0	0	0	0
17650	0	0	1	0	0	0	0
17675	0	0	1	0	0	0	0
17700	0	0	1	0	0	0	0
17725	0	0	1	0	0	0	0
17750	0	0	1	0	0	0	0
17775	0	0	1	0	0	0	0
17800	0	0	1	0	0	0	0
17825	0	0	1	0	0	0	0
17850	0	0	1	0	0	0	0
17875	0	0	1	0	0	0	0
17900	0	0	1	0	0	0	0
17925	0	0	1	0	0	0	0
17950	0	0	1	0	0	0	0
17975	0	0	1	0	0	0	0
18000	0	0	1	0	0	0	0
18025	0	0	1	0	0	0	0
18050	0	0	1	0	0	0	0
18075	0	0	1	0	0	0	0
18100	0	0	1	0	0	0	0
18125	0	0	1	0	0	0	0
18150	0	0	1	0	0	0	0
18175	0	0	1	0	0	0	0
18200	0	0	1	0	0	0	0
18225	0	0	1	0	0	0	0
18250	0	0	1	0	0	0	0
18275	0	0	1	0	0	0	0
18300	0	0	1	0	0	0	0
18325	0	0	1	0	0	0	0
18350	0	0	1	0	0	0	0
18375	0	0	1	0	0	0	0
18400	0	0	1	0	0	0	0
18425	0	0	1	0	0	0	0
18450	0	0	1	0	0	0	0
18475	0	0	1	0	0	0	0
18500	0	0	1	0	0	0	0
18525	0	0	1	0	0	0	0
18550	0	0	1	0	0	0	0
18575	0	0	1	0	0	0	0
18600	0	0	1	0	0	0	0
18625	0	0	1	0	0	0	0
18650	0	0	1	0	0	0	0
18675	0	0	1	0	0	0	0
18700	0	0	1	0	0	0	0
18725	0	0	1	0	0	0	0
18750	0	0	1	0	0	0	0
18775	0	0	1	0	0	0	0
18800	0	0	1	0	0	0	0
18825	0	0	1	0	0	0	0
18850	0	0	1	0	0	0	0
18875	0	0	0	0	0	0	0
18900	0	0	1	0	0	0	0
18925	0	0	1	0	0	0	0
18950	0	0	1	0	0	0	0
18975	0	0	1	0	0	0	0
19000	0	0	1	0	0	0	0
19025	0	0	1	0	0	0	0
19050	0	0	1	0	0	0	0
19075	0	0	1	0	0	0	0
19100	0	0	1	0	0	0	0
19125	0	0	1	0	0	0	0
19150	0	0	1	0	0	0	0
19175	0	0	1	0	0	0	0
19200	0	0	1	0	0	0	0
19225	0	0	1	0	0	0	0
19250	0	0	1	0	0	0	0
19275	0	0	1	0	0	0	0
19300	0	0	1	0	0	0	0
19325	0	0	1	0	0	0	0
19350	0	0	1	0	0	0	0
19375	0	0	1	0	0	0	0
19400	0	0	0	0	0	0	0
19425	0	0	1	0	0	0	0
19450	0	0	1	0	0	0	0
19475	0	0	1	0	0	0	0
19500	0	0	1	0	0	0	0
19525	0	0	0	0	0	0	0
19550	0	0	1	0	0	0	0
19575	0	0	1	0	0	0	0
19600	0	0	1	0	0	0	0
19625	0	0	1	0	0	0	0
19650	0	0	1	0	0	0	0
19675	0	0	0	0	0	0	0
19700	0	0	1	0	0	0	0
19725	0	0	1	0	0	0	0
19750	0	0	1	0	0	0	0
19775	0	0	1	0	0	0	0
19800	0	0	1	0	0	0	0
19825	0	0	1	0	0	0	0
19850	0	0	1	0	0	0	0
19875	0	0	1	0	0	0	0
19900	0	0	1	0	0	0	0
19925	0	0	1	0	0	0	0
19950	0	0	1	0	0	0	0
19975	0	0	1	0	0	0	0
20000	0	0	1	0	0	0	0
20025	0	0	1	0	0	0	0
20050	0	0	1	0	0	0	0
20075	0	0	1	0	0	0	0
20100	0	0	1	0	0	0	0
20125	0	0	1	0	0	0	0
20150	0	0	1	0	0	0	0
20175	0	0	1	0	0	0	0
20200	0	0	1	0	0	0	0
20225	0	0	1	0	0	0	0
20250	0	0	0	0	0	0	0
20275	0	0	0	0	0	0	0
20300	0	0	0	0	0	0	0
20325	0	0	0	0	0	0	0
20350	0	0	1	0	0	0	0
20375	0	0	1	0	0	0	0
20400	0	0	1	0	0	0	0
20425	0	0	1	0	0	0	0
20450	0	0	1	0	0	0	0
20475	0	0	1	0	0	0	0
20500	0	0	1	0	0	0	0
20525	0	0	1	0	0	0	0
20550	0	0	1	0	0	0	0
20575	0	0	1	0	0	0	0
20600	0	0	1	0	0	0	0
20625	0	0	1	0	0	0	0
20650	0	0	1	0	0	0	0
20675	0	0	1	0	0	0	0
20700	0	0	1	0	0	0	0
20725	0	0	1	0	0	0	0
20750	0	0	1	0	0	0	0
20775	0	0	1	0	0	0	0
20800	0	0	1	0	0	0	0
20825	0	0	1	0	0	0	0
20850	0	0	1	0	0	0	0
20875	0	0	1	0	0	0	0
20900	0	0	1	0	0	0	0
20925	0	0	1	0	0	0	0
20950	0	0	1	0	0	0	0
20975	0	0	1	0	0	0	0
21000	0	0	1	0	0	0	0
21025	0	0	1	0	0	0	0
21050	0	0	1	0	0	0	0
21075	0	0	1	0	0	0	0
21100	0	0	1	0	0	0	0
21125	0	0	1	0	0	0	0
21150	0	0	1	0	0	0	0
21175	0	0	1	0	0	0	0
21200	0	0	1	0	0	0	0
21225	0	0	1	0	0	0	0
21250	0	0	1	0	0	0	0
21275	0	0	1	0	0	0	0
21300	0	0	1	0	0	0	0
21325	0	0	1	0	0	0	0
21350	0	0	1	0	0	0	0
21375	0	0	1	0	0	0	0
21400	0	0	1	0	0	0	0
21425	0	0	1	0	0	0	0
21450	0	0	1	0	0	0	0
21475	0	0	1	0	0	0	0
21500	0	0	1	0	0	0	0
21525	0	0	1	0	0	0	0
21550	0	0	1	0	0	0	0
21575	0	0	1	0	0	0	0
21600	0	0	1	0	0	0	0
21625	0	0	1	0	0	0	0
21650	0	0	1	0	0	0	0
21675	0	0	1	0	0	0	0
21700	0	0	1	0	0	0	0
21725	0	0	1	0	0	0	0
21750	0	0	1	0	0	0	0
21775	0	0	1	0	0	0	0
21800	0	0	1	0	0	0	0
21825	0	0	1	0	0	0	0
21850	0	0	1	0	0	0	0
21875	0	0	1	0	0	0	0
21900	0	0	1	0	0	0	0
21925	0	0	1	0	0	0	0
21950	0	0	1	0	0	0	0
21975	0	0	1	0	0	0	0
22000	0	0	1	0	0	0	0
22025	0	0	1	0	0	0	0
22050	0	0	1	0	0	0	0
22075	0	0	1	0	0	0	0
22100	0	0	1	0	0	0	0
22125	0	0	1	0	0	0	0
22150	0	0	1	0	0	0	0
22175	0	0	1	0	0	0	0
22200	0	0	1	0	0	0	0
22225	0	0	1	0	0	0	0
22250	0	0	1	0	0	0	0
22275	0	0	1	0	0	0	0
22300	0	0	1	0	0	0	0
22325	0	0	1	0	0	0	0
22350	0	0	1	0	0	0	0
22375	0	0	1	0	0	0	0
22400	0	0	1	0	0	0	0
22425	0	0	1	0	0	0	0
22450	0	0	1	0	0	0	0
22475	0	0	1	0	0	0	0
22500	0	0	1	0	0	0	0
22525	0	0	1	0	0	0	0
22550	0	0	1	0	0	0	0
22575	0	0	1	0	0	0	0
22600	0	0	1	0	0	0	0
22625	0	0	1	0	0	0	0
22650	0	0	1	0	0	0	0
22675	0	0	1	0	0	0	0
22700	0	0	1	0	0	0	0
22725	0	0	1	0	0	0	0
22750	0	0	1	0	0	0	0
22775	0	0	1	0	0	0	0
22800	0	0	1	0	0	0	0
22825	0	0	1	0	0	0	0
22850	0	0	1	0	0	0	0
22875	0	0	1	0	0	0	0
22900	0	0	1	0	0	0	0
22925	0	0	1	0	0	0	0
22950	0	0	1	0	0	0	0
22975	0	0	1	0	0	0	0
23000	0	0	1	0	0	0	0
23025	0	0	1	0	0	0	0
23050	0	0	1	0	0	0	0
23075	0	0	1	0	0	0	0
23100	0	0	1	0	0	0	0
23125	0	0	1	0	0	0	0
23150	0	0	1	0	0	0	0
23175	0	0	1	0	0	0	0
23200	0	0	1	0	0	0	0
23225	0	0	1	0	0	0	0
23250	0	0	1	0	0	0	0
23275	0	0	1	0	0	0	0
23300	0	0	1	0	0	0	0
23325	0	0	1	0	0	0	0
23350	0	0	1	0	0	0	0
23375	0	0	1	0	0	0	0
23400	0	0	1	0	0	0	0
23425	0	0	1	0	0	0	0
23450	0	0	1	0	0	0	0
23475	0	0	1	0	0	0	0
23500	0	0	1	0	0	0	0
23525	0	0	1	0	0	0	0
23550	0	0	1	0	0	0	0
23575	0	0	1	0	0	0	0
23600	0	0	1	0	0	0	0
23625	0	0	1	0	0	0	0
23650	0	0	1	0	0	0	0
23675	0	0	1	0	0	0	0
23700	0	0	1	0	0	0	0
23725	0	0	1	0	0	0	0
23750	0	0	1	0	0	0	0
23775	0	0	1	0	0	0	0
23800	0	0	1	0	0	0	0
23825	1	0	0	0	0	0	0
23850	0	0	0	0	0	0	0
23875	1	0	0	0	0	0	0
23900	1	0	0	0	0	0	0
23925	0	0	0	0	0	0	0
23950	0	0	1	0	0	0	0
23975	0	0	1	0	0	0	0
24000	0	0	0	0	0	0	0
24025	0	0	1	0	0	0	0
24050	0	0	1	0	0	0	0
24075	0	0	1	0	0	0	0
24100	0	0	1	0	0	0	0
24125	0	0	1	0	0	0	0
24150	0	0	1	0	0	0	0
24175	0	0	1	0	0	0	0
24200	0	0	1	0	0	0	0
24225	0	0	1	0	0	0	0
24250	0	0	1	0	0	0	0
24275	0	0	1	0	0	0	0
24300	0	0	1	0	0	0	0
24325	0	0	1	0	0	0	0
24350	0	0	1	0	0	0	0
24375	0	0	1	0	0	0	0
24400	0	0	1	0	0	0	0
24425	0	0	1	0	0	0	0
24450	0	0	0	0	0	0	0
24475	0	0	0	0	0	0	0
24500	0	0	1	0	0	0	0
24525	0	0	1	0	0	0	0
24550	0	0	1	0	0	0	0
24575	0	0	0	0	0	0	0
24600	0	0	1	0	0	0	0
24625	0	0	1	0	0	0	0
24650	0	0	1	0	0	0	0
24675	0	0	1	0	0	0	0
24700	0	0	1	0	0	0	0
24725	0	0	1	0	0	0	0
24750	0	0	1	0	0	0	0
24775	0	0	0	0	0	0	0
24800	0	0	1	0	0	0	0
24825	0	0	1	0	0	0	0
24850	0	0	1	0	0	0	0
24875	0	0	1	0	0	0	0
24900	0	0	1	0	0	0	0
24925	0	0	1	0	0	0	0
24950	0	0	0	0	0	0	0
24975	0	0	1	0	0	0	0
25000	0	0	1	0	0	0	0
25025	0	0	1	0	0	0	0
25050	0	0	1	0	0	0	0
25075	0	0	1	0	0	0	0
25100	0	0	1	0	0	0	0
25125	0	0	1	0	0	0	0
25150	0	0	1	0	0	0	0
25175	0	0	1	0	0	0	0
25200	0	0	1	0	0	0	0
25225	0	0	1	0	0	0	0
25250	0	0	1	0	0	0	0
25275	0	0	1	0	0	0	0
25300	0	0	1	0	0	0	0
25325	0	0	1	0	0	0	0
25350	0	0	1	0	0	0	0
25375	0	0	1	0	0	0	0
25400	0	0	1	0	0	0	0
25425	0	0	1	0	0	0	0
25450	0	0	1	0	0	0	0
25475	0	0	1	0	0	0	0
25500	0	0	1	0	0	0	0
25525	1	0	1	0	0	0	0
25550	1	0	1	0	0	0	0
25575	1	0	1	0	0	0	0
25600	0	0	1	0	0	0	0
25625	0	0	1	0	0	0	0
25650	0	0	1	0	0	0	0
25675	0	0	1	0	0	0	0
25700	0	0	1	0	0	0	0
25725	0	0	1	0	0	0	0
25750	0	0	1	0	0	0	0
25775	0	0	1	0	0	0	0
25800	0	0	1	0	0	0	0
25825	0	0	1	0	0	0	0
25850	0	0	1	0	0	0	0
25875	0	0	1	0	0	0	0
25900	0	0	1	0	0	0	0
25925	0	0	1	0	0	0	0
25950	0	0	1	0	0	0	0
25975	0	0	0	0	0	0	0
26000	0	0	0	0	0	0	0
26025	0	0	1	0	0	0	0
26050	0	0	1	0	0	0	0
26075	0	0	1	0	0	0	0
26100	0	0	1	0	0	0	0
26125	0	0	1	0	0	0	0
26150	0	0	1	0	0	0	0
26175	0	0	1	0	0	0	0
26200	0	0	1	0	0	0	0
26225	0	0	1	0	0	0	0
26250	0	0	1	0	0	0	0
26275	0	0	1	0	0	0	0
26300	0	0	1	0	0	0	0
26325	0	0	1	0	0	0	0
26350	0	0	1	0	0	0	0
26375	0	0	1	0	0	0	0
26400	0	0	1	0	0	0	0
26425	0	0	1	0	0	0	0
26450	0	0	1	0	0	0	0
26475	0	0	1	0	0	0	0
26500	0	0	1	0	0	0	0
26525	0	0	1	0	0	0	0
26550	0	0	1	0	0	0	0
26575	0	0	1	0	0	0	0
26600	0	0	1	0	0	0	0
26625	0	0	1	0	0	0	0
26650	0	0	1	0	0	0	0
26675	0	0	1	0	0	0	0
26700	0	0	1	0	0	0	0
26725	0	0	1	0	0	0	0
26750	0	0	1	0	0	0	0
26775	0	0	1	0	0	0	0
26800	0	0	1	0	0	0	0
26825	0	0	1	0	0	0	0
26850	0	0	1	0	0	0	0
26875	0	0	1	0	0	0	0
26900	0	0	1	0	0	0	0
26925	0	0	1	0	0	0	0
26950	0	0	1	0	0	0	0
26975	0	0	1	0	0	0	0
27000	0	0	1	0	0	0	0
27025	0	0	1	0	0	0	0
27050	0	0	1	0	0	0	0
27075	0	0	1	0	0	0	0
27100	0	0	1	0	0	0	0
27125	0	0	1	0	0	0	0
27150	0	0	1	0	0	0	0
27175	0	0	1	0	0	0	0
27200	0	0	1	0	0	0	0
27225	1	0	1	0	0	0	0
27250	1	0	1	0	0	0	0
27275	1	0	1	0	0	0	0
27300	1	0	1	0	0	0	0
27325	1	0	1	0	0	0	0
27350	1	0	1	0	0	0	0
27375	1	0	1	0	0	0	0
27400	1	0	1	0	0	0	0
27425	1	0	1	0	0	0	0
27450	1	0	1	0	0	0	0
27475	1	0	1	0	0	0	0
27500	1	0	1	0	0	0	0
27525	1	0	1	0	0	0	0
27550	1	0	1	0	0	0	0
27575	1	0	1	0	0	0	0
27600	1	0	1	0	0	0	0
27625	1	0	1	0	0	0	0
27650	1	0	1	0	0	0	0
27675	1	0	1	0	0	0	0
27700	1	0	1	0	0	0	0
27725	1	0	1	0	0	0	0
27750	1	0	1	0	0	0	0
27775	1	0	1	0	0	0	0
27800	1	0	1	0	0	0	0
27825	1	0	1	0	0	0	0
27850	1	0	1	0	0	0	0
27875	1	0	1	0	0	0	0
27900	1	0	1	0	0	0	0
27925	1	0	1	0	0	0	0
27950	1	0	1	0	0	0	0
27975	1	0	1	0	0	0	0
28000	1	0	1	0	0	0	0
28025	1	0	1	0	0	0	0
28050	0	0	1	0	0	0	0
28075	0	0	1	0	0	0	0
28100	0	0	1	0	0	0	0
28125	0	0	1	0	0	0	0
28150	0	0	1	0	0	0	0
28175	0	0	1	0	0	0	0
28200	0	0	1	0	0	0	0
28225	0	0	1	0	0	0	0
28250	1	0	1	0	0	0	0
28275	1	0	1	0	0	0	0
28300	1	0	1	0	0	0	0
28325	1	0	1	0	0	0	0
28350	1	0	1	0	0	0	0
28375	1	0	1	0	0	0	0
28400	1	0	1	0	0	0	0
28425	1	0	1	0	0	0	0
28450	1	0	1	0	0	0	0
28475	1	0	1	0	0	0	0
28500	1	0	1	0	0	0	0
28525	1	0	1	0	0	0	0
28550	1	0	1	0	0	0	0
28575	1	0	1	0	0	0	0
28600	1	0	0	0	0	0	0
28625	1	0	1	0	0	0	0
28650	1	0	1	0	0	0	0
28675	1	0	1	0	0	0	0
28700	1	0	1	0	0	0	0
28725	1	0	1	0	0	0	0
28750	1	0	1	0	0	0	0
28775	1	0	1	0	0	0	0
28800	1	0	1	0	0	0	0
28825	1	0	1	0	0	0	0
28850	1	0	1	0	0	0	0
28875	1	0	1	0	0	0	0
28900	1	0	1	0	0	0	0
28925	1	0	1	0	0	0	0
28950	1	0	1	0	0	0	0
28975	1	0	1	0	0	0	0
29000	1	0	1	0	0	0	0
29025	1	0	1	0	0	0	0
29050	1	0	1	0	0	0	0
29075	1	0	1	0	0	0	0
29100	1	0	1	0	0	0	0
29125	1	0	1	0	0	0	0
29150	1	0	1	0	0	0	0
29175	1	0	1	0	0	0	0
29200	1	0	1	0	0	0	0
29225	1	0	1	0	0	0	0
29250	1	0	1	0	0	0	0
29275	1	0	1	0	0	0	0
29300	1	0	1	0	0	0	0
29325	1	0	1	0	0	0	0
29350	1	0	1	0	0	0	0
29375	1	0	1	0	0	0	0
29400	1	0	1	0	0	0	0
29425	1	0	1	0	0	0	0
29450	1	0	1	0	0	0	0
29475	1	0	1	0	0	0	0
29500	1	0	1	0	0	0	0
29525	1	0	1	0	0	0	0
29550	1	0	1	0	0	0	0
29575	1	0	1	0	0	0	0
29600	1	0	1	0	0	0	0
29625	1	0	1	0	0	0	0
29650	1	0	1	0	0	0	0
29675	1	0	1	0	0	0	0
29700	1	0	1	0	0	0	0
29725	1	0	1	0	0	0	0
29750	1	0	1	0	0	0	0
29775	1	0	1	0	0	0	0
29800	1	0	1	0	0	0	0
29825	1	0	1	0	0	0	0
29850	1	0	1	0	0	0	0
29875	1	0	1	0	0	0	0
29900	1	0	1	0	0	0	0
29925	1	0	1	0	0	0	0
29950	1	0	1	0	0	0	0
29975	1	0	1	0	0	0	0
30000	1	0	1	0	0	0	0
30025	1	0	1	0	0	0	0
30050	1	0	1	0	0	0	0
30075	1	0	1	0	0	0	0
30100	1	0	1	0	0	0	0
30125	1	0	1	0	0	0	0
30150	1	0	1	0	0	0	0
30175	1	0	1	0	0	0	0
30200	1	0	1	0	0	0	0
30225	1	0	1	0	0	0	0
30250	1	0	1	0	0	0	0
30275	1	0	1	0	0	0	0
30300	1	0	1	0	0	0	0
30325	1	0	1	0	0	0	0
30350	1	0	1	0	0	0	0
30375	1	0	1	0	0	0	0
30400	1	0	1	0	0	0	0
30425	1	0	1	0	0	0	0
30450	1	0	1	0	0	0	0
30475	1	0	1	0	0	0	0
30500	1	0	1	0	0	0	0
30525	1	0	1	0	0	0	0
30550	1	0	1	0	0	0	0
30575	1	0	1	0	0	0	0
30600	1	0	1	0	0	0	0
30625	1	0	1	0	0	0	0
30650	1	0	1	0	0	0	0
30675	1	0	1	0	0	0	0
30700	1	0	1	0	0	0	0
30725	1	0	1	0	0	0	0
30750	1	0	1	0	0	0	0
30775	1	0	1	0	0	0	0
30800	1	0	1	0	0	0	0
30825	1	0	1	0	0	0	0
30850	1	0	1	0	0	0	0
30875	1	0	1	0	0	0	0
30900	1	0	1	0	0	0	0
30925	1	0	1	0	0	0	0
30950	1	0	1	0	0	0	0
30975	1	0	1	0	0	0	0
31000	1	0	1	0	0	0	0
31025	1	0	1	0	0	0	0
31050	1	0	1	0	0	0	0
31075	1	0	1	0	0	0	0
31100	1	0	1	0	0	0	0
31125	1	0	1	0	0	0	0
31150	1	0	1	0	0	0	0
31175	1	0	1	0	0	0	0
31200	1	0	1	0	0	0	0
31225	1	0	1	0	0	0	0
31250	1	0	1	0	0	0	0
31275	1	0	1	0	0	0	0
31300	1	0	1	0	0	0	0
31325	1	0	1	0	0	0	0
31350	1	0	1	0	0	0	0
31375	1	0	1	0	0	0	0
31400	1	0	1	0	0	0	0
31425	1	0	1	0	0	0	0
31450	1	0	1	0	0	0	0
31475	1	0	1	0	0	0	0
31500	1	0	1	0	0	0	0
31525	1	0	1	0	0	0	0
31550	1	0	1	0	0	0	0
31575	1	0	1	0	0	0	0
31600	1	0	1	0	0	0	0
31625	1	0	1	0	0	0	0
31650	1	0	1	0	0	0	0
31675	1	0	1	0	0	0	0
31700	1	0	1	0	0	0	0
31725	1	0	1	0	0	0	0
31750	1	0	1	0	0	0	0
31775	1	0	1	0	0	0	0
31800	1	0	1	0	0	0	0
31825	1	0	1	0	0	0	0
31850	1	0	1	0	0	0	0
31875	1	0	1	0	0	0	0
31900	0	0	1	0	0	0	0
31925	0	0	1	0	0	0	0
31950	0	0	1	0	0	0	0
31975	0	0	1	0	0	0	0
32000	0	0	1	0	0	0	0
32025	0	0	1	0	0	0	0
32050	0	0	1	0	0	0	0
32075	0	0	1	0	0	0	0
32100	0	0	1	0	0	0	0
32125	0	0	1	0	0	0	0
32150	1	0	1	0	0	0	0
32175	1	0	1	0	0	0	0
32200	1	0	1	0	0	0	0
32225	1	0	1	0	0	0	0
32250	1	0	1	0	0	0	0
32275	1	0	1	0	0	0	0
32300	1	0	1	0	0	0	0
32325	1	0	1	0	0	0	0
32350	1	0	1	0	0	0	0
32375	1	0	1	0	0	0	0
32400	1	0	1	0	0	0	0
32425	0	0	1	0	0	0	0
32450	0	0	1	0	0	0	0
32475	0	0	1	0	0	0	0
32500	0	0	1	0	0	0	0
32525	0	0	1	0	0	0	0
32550	0	0	1	0	0	0	0
32575	0	0	1	0	0	0	0
32600	0	0	1	0	0	0	0
32625	1	0	1	0	0	0	0
32650	1	0	1	0	0	0	0
32675	0	0	1	0	0	0	0
32700	0	0	1	0	0	0	0
32725	0	0	1	0	0	0	0
32750	0	0	1	0	0	0	0
32775	0	0	1	0	0	0	0
32800	0	0	1	0	0	0	0
32825	0	0	1	0	0	0	0
32850	0	0	1	0	0	0	0
32875	0	0	1	0	0	0	0
32900	0	0	1	0	0	0	0
32925	0	0	1	0	0	0	0
32950	0	0	1	0	0	0	0
32975	0	0	1	0	0	0	0
33000	0	0	1	0	0	0	0
33025	0	0	1	0	0	0	0
33050	0	0	0	0	0	0	0
33075	0	0	0	0	0	0	0
33100	0	0	1	0	0	0	0
33125	0	0	1	0	0	0	0
33150	0	0	1	0	0	0	0
33175	0	0	1	0	0	0	0
33200	0	0	1	0	0	0	0
33225	0	0	1	0	0	0	0
33250	0	0	1	0	0	0	0
33275	0	0	1	0	0	0	0
33300	0	0	1	0	0	0	0
33325	0	0	1	0	0	0	0
33350	0	0	1	0	0	0	0
33375	0	0	1	0	0	0	0
33400	0	0	1	0	0	0	0
33425	0	0	1	0	0	0	0
33450	0	0	1	0	0	0	0
33475	0	0	1	0	0	0	0
33500	0	0	1	0	0	0	0
33525	0	0	1	0	0	0	0
33550	0	0	1	0	0	0	0
33575	0	0	1	0	0	0	0
33600	0	0	1	0	0	0	0
33625	1	0	1	0	0	0	0
33650	1	0	1	0	0	0	0
33675	1	0	1	0	0	0	0
33700	1	0	1	0	0	0	0
33725	1	0	1	0	0	0	0
33750	1	0	1	0	0	0	0
33775	1	0	1	0	0	0	0
33800	1	0	1	0	0	0	0
33825	1	0	1	0	0	0	0
33850	1	0	1	0	0	0	0
33875	1	0	1	0	0	0	0
33900	1	0	1	0	0	0	0
33925	1	0	1	0	0	0	0
33950	1	0	1	0	0	0	0
33975	1	0	1	0	0	0	0
34000	1	0	1	0	0	0	0
34025	1	0	1	0	0	0	0
34050	1	0	1	0	0	0	0
34075	1	0	1	0	0	0	0
34100	1	0	1	0	0	0	0
34125	1	0	1	0	0	0	0
34150	1	0	1	0	0	0	0
34175	1	0	1	0	0	0	0
34200	1	0	1	0	0	0	0
34225	1	0	1	0	0	0	0
34250	1	0	1	0	0	0	0
34275	1	0	1	0	0	0	0
34300	1	0	1	0	0	0	0
34325	1	0	1	0	0	0	0
34350	1	0	1	0	0	0	0
34375	1	0	1	0	0	0	0
34400	1	0	1	0	0	0	0
34425	1	0	1	0	0	0	0
34450	1	0	1	0	0	0	0
34475	1	0	1	0	0	0	0
34500	1	0	1	0	0	0	0
34525	1	0	1	0	0	0	0
34550	1	0	1	0	0	0	0
34575	1	0	1	0	0	0	0
34600	1	0	1	0	0	0	0
34625	1	0	1	0	0	0	0
34650	1	0	1	0	0	0	0
34675	1	0	1	0	0	0	0
34700	1	0	1	0	0	0	0
34725	1	0	1	0	0	0	0
34750	1	0	1	0	0	0	0
34775	1	0	1	0	0	0	0
34800	1	0	1	0	0	0	0
34825	1	0	0	0	0	0	0
34850	1	0	1	0	0	0	0
34875	1	0	1	0	0	0	0
34900	1	0	1	0	0	0	0
34925	1	0	1	0	0	0	0
34950	1	0	1	0	0	0	0
34975	1	0	1	0	0	0	0
35000	1	0	1	0	0	0	0
35025	1	0	1	0	0	0	0
35050	1	0	1	0	0	0	0
35075	1	0	1	0	0	0	0
35100	1	0	1	0	0	0	0
35125	0	0	1	0	0	0	0
35150	0	0	1	0	0	0	0
35175	0	0	1	0	0	0	0
35200	0	0	1	0	0	0	0
35225	0	0	1	0	0	0	0
35250	0	0	1	0	0	0	0
35275	0	0	1	0	0	0	0
35300	0	0	1	0	0	0	0
35325	0	0	1	0	0	0	0
35350	0	0	1	0	0	0	0
35375	0	0	0	0	0	0	0
35400	0	0	0	0	0	0	0
35425	0	0	1	0	0	0	0
35450	1	0	1	0	0	0	0
35475	1	0	1	0	0	0	0
35500	1	0	1	0	0	0	0
35525	1	0	1	0	0	0	0
35550	1	0	1	0	0	0	0
35575	1	0	1	0	0	0	0
35600	1	0	1	0	0	0	0
35625	1	0	1	0	0	0	0
35650	1	0	1	0	0	0	0
35675	1	0	1	0	0	0	0
35700	1	0	1	0	0	0	0
35725	1	0	1	0	0	0	0
35750	1	0	1	0	0	0	0
35775	1	0	1	0	0	0	0
35800	1	0	1	0	0	0	0
35825	1	0	1	0	0	0	0
35850	1	0	1	0	0	0	0
35875	1	0	1	0	0	0	0
35900	1	0	1	0	0	0	0
35925	1	0	1	0	0	0	0
35950	1	0	1	0	0	0	0
35975	1	0	1	0	0	0	0
36000	1	0	1	0	0	0	0
36025	1	0	1	0	0	0	0
36050	0	0	1	0	0	0	0
36075	0	0	1	0	0	0	0
36100	0	0	1	0	0	0	0
36125	0	0	1	0	0	0	0
36150	0	0	1	0	0	0	0
36175	1	0	1	0	0	0	0
36200	1	0	1	0	0	0	0
36225	1	0	1	0	0	0	0
36250	1	0	1	0	0	0	0
36275	0	0	1	0	0	0	0
36300	0	0	1	0	0	0	0
36325	0	0	1	0	0	0	0
36350	0	0	1	0	0	0	0
36375	0	0	1	0	0	0	0
36400	0	0	1	0	0	0	0
36425	0	0	1	0	0	0	0
36450	0	0	1	0	0	0	0
36475	0	0	1	0	0	0	0
36500	0	0	1	0	0	0	0
36525	0	0	1	0	0	0	0
36550	0	0	1	0	0	0	0
36575	0	0	1	0	0	0	0
36600	0	0	1	0	0	0	0
36625	0	0	1	0	0	0	0
36650	0	0	1	0	0	0	0
36675	0	0	1	0	0	0	0
36700	0	0	1	0	0	0	0
36725	0	0	1	0	0	0	0
36750	0	0	1	0	0	0	0
36775	0	0	1	0	0	0	0
36800	0	0	1	0	0	0	0
36825	0	0	1	0	0	0	0
36850	0	0	1	0	0	0	0
36875	0	0	1	0	0	0	0
36900	0	0	1	0	0	0	0
36925	0	0	1	0	0	0	0
36950	0	0	1	0	0	0	0
36975	0	0	1	0	0	0	0
37000	0	0	1	0	0	0	0
37025	0	0	1	0	0	0	0
37050	0	0	1	0	0	0	0
37075	0	0	1	0	0	0	0
37100	0	0	0	0	0	0	0
37125	0	0	1	0	0	0	0
37150	0	0	1	0	0	0	0
37175	0	0	1	0	0	0	0
37200	1	0	1	0	0	0	0
37225	1	0	1	0	0	0	0
37250	1	0	1	0	0	0	0
37275	1	0	1	0	0	0	0
37300	1	0	1	0	0	0	0
37325	1	0	1	0	0	0	0
37350	1	0	1	0	0	0	0
37375	1	0	0	0	0	0	0
37400	0	0	1	0	0	0	0
37425	0	0	1	0	0	0	0
37450	0	0	1	0	0	0	0
37475	0	0	1	0	0	0	0
37500	1	0	1	0	0	0	0
37525	1	0	1	0	0	0	0
37550	0	0	1	0	0	0	0
37575	0	0	1	0	0	0	0
37600	0	0	1	0	0	0	0
37625	0	0	1	0	0	0	0
37650	0	0	1	0	0	0	0
37675	0	0	1	0	0	0	0
37700	0	0	1	0	0	0	0
37725	0	0	1	0	0	0	0
37750	0	0	1	0	0	0	0
37775	0	0	1	0	0	0	0
37800	0	0	1	0	0	0	0
37825	0	0	1	0	0	0	0
37850	0	0	1	0	0	0	0
37875	0	0	1	0	0	0	0
37900	0	0	1	0	0	0	0
37925	0	0	1	0	0	0	0
37950	0	0	1	0	0	0	0
37975	0	0	1	0	0	0	0
38000	0	0	1	0	0	0	0
38025	0	0	1	0	0	0	0
38050	0	0	1	0	0	0	0
38075	0	0	1	0	0	0	0
38100	0	0	1	0	0	0	0
38125	0	0	1	0	0	0	0
38150	0	0	1	0	0	0	0
38175	0	0	1	0	0	0	0
38200	0	0	1	0	0	0	0
38225	0	0	1	0	0	0	0
38250	1	0	1	0	0	0	0
38275	1	0	1	0	0	0	0
38300	1	0	1	0	0	0	0
38325	1	0	1	0	0	0	0
38350	1	0	1	0	0	0	0
38375	1	0	1	0	0	0	0
38400	1	0	1	0	0	0	0
38425	1	0	1	0	0	0	0
38450	1	0	1	0	0	0	0
38475	1	0	1	0	0	0	0
38500	1	0	1	0	0	0	0
38525	1	0	1	0	0	0	0
38550	1	0	1	0	0	0	0
38575	1	0	1	0	0	0	0
38600	1	0	1	0	0	0	0
38625	1	0	1	0	0	0	0
38650	1	0	1	0	0	0	0
38675	1	0	1	0	0	0	0
38700	1	0	1	0	0	0	0
38725	1	0	1	0	0	0	0
38750	1	0	1	0	0	0	0
38775	1	0	1	0	0	0	0
38800	0	0	1	0	0	0	0
38825	0	0	1	0	0	0	0
38850	0	0	1	0	0	0	0
38875	0	0	1	0	0	0	0
38900	0	0	1	0	0	0	0
38925	0	0	1	0	0	0	0
38950	0	0	1	0	0	0	0
38975	0	0	1	0	0	0	0
39000	0	0	1	0	0	0	0
39025	0	0	1	0	0	0	0
39050	0	0	1	0	0	0	0
39075	0	0	1	0	0	0	0
39100	0	0	1	0	0	0	0
39125	0	0	1	0	0	0	0
39150	0	0	1	0	0	0	0
39175	0	0	1	0	0	0	0
39200	0	0	1	0	0	0	0
39225	0	0	1	0	0	0	0
39250	0	0	1	0	0	0	0
39275	0	0	1	0	0	0	0
39300	1	0	1	0	0	0	0
39325	1	0	1	0	0	0	0
39350	1	0	1	0	0	0	0
39375	1	0	1	0	0	0	0
39400	1	0	1	0	0	0	0
39425	1	0	1	0	0	0	0
39450	1	0	1	0	0	0	0
39475	1	0	1	0	0	0	0
39500	1	0	1	0	0	0	0
39525	1	0	1	0	0	0	0
39550	1	0	1	0	0	0	0
39575	1	0	1	0	0	0	0
39600	1	0	1	0	0	0	0
39625	1	0	1	0	0	0	0
39650	1	0	1	0	0	0	0
39675	1	0	1	0	0	0	0
39700	1	0	1	0	0	0	0
39725	1	0	1	0	0	0	0
39750	1	0	1	0	0	0	0
39775	1	0	1	0	0	0	0
39800	1	0	1	0	0	0	0
39825	1	0	1	0	0	0	0
39850	1	0	1	0	0	0	0
39875	1	0	1	0	0	0	0
39900	1	0	1	0	0	0	0
39925	1	0	1	0	0	0	0
39950	1	0	1	0	0	0	0
39975	0	0	1	0	0	0	0
40000	0	0	1	0	0	0	0
40025	0	0	1	0	0	0	0
40050	0	0	1	0	0	0	0
40075	0	0	1	0	0	0	0
40100	0	0	1	0	0	0	0
40125	0	0	1	0	0	0	0
40150	0	0	1	0	0	0	0
40175	0	0	1	0	0	0	0
40200	0	0	1	0	0	0	0
40225	0	0	1	0	0	0	0
40250	0	0	1	0	0	0	0
40275	0	0	1	0	0	0	0
40300	0	0	1	0	0	0	0
40325	0	0	1	0	0	0	0
40350	0	0	1	0	0	0	0
40375	0	0	1	0	0	0	0
40400	0	0	1	0	0	0	0
40425	0	0	1	0	0	0	0
40450	1	0	1	0	0	0	0
40475	1	0	1	0	0	0	0
40500	1	0	1	0	0	0	0
40525	1	0	1	0	0	0	0
40550	1	0	1	0	0	0	0
40575	1	0	1	0	0	0	0
40600	1	0	1	0	0	0	0
40625	1	0	1	0	0	0	0
40650	1	0	1	0	0	0	0
40675	1	0	1	0	0	0	0
40700	1	0	1	0	0	0	0
40725	1	0	1	0	0	0	0
40750	1	0	1	0	0	0	0
40775	1	0	1	0	0	0	0
40800	1	0	0	0	0	0	0
40825	1	0	1	0	0	0	0
40850	1	0	1	0	0	0	0
40875	1	0	1	0	0	0	0
40900	1	0	1	0	0	0	0
40925	1	0	1	0	0	0	0
40950	1	0	1	0	0	0	0
40975	1	0	1	0	0	0	0
41000	1	0	1	0	0	0	0
41025	1	0	1	0	0	0	0
41050	1	0	1	0	0	0	0
41075	1	0	1	0	0	0	0
41100	1	0	1	0	0	0	0
41125	1	0	1	0	0	0	0
41150	1	0	1	0	0	0	0
41175	1	0	1	0	0	0	0
41200	1	0	0	0	0	0	0
41225	1	0	1	0	0	0	0
41250	0	0	1	0	0	0	0
41275	0	0	1	0	0	0	0
41300	0	0	1	0	0	0	0
41325	0	0	1	0	0	0	0
41350	0	0	1	0	0	0	0
41375	0	0	1	0	0	0	0
41400	0	0	1	0	0	0	0
41425	0	0	1	0	0	0	0
41450	0	0	1	0	0	0	0
41475	0	0	1	0	0	0	0
41500	0	0	1	0	0	0	0
41525	0	0	1	0	0	0	0
41550	0	0	1	0	0	0	0
41575	0	0	1	0	0	0	0
41600	1	0	1	0	0	0	0
41625	0	0	1	0	0	0	0
41650	0	0	0	0	0	0	0
41675	0	0	0	0	0	0	0
41700	0	0	1	0	0	0	0
41725	0	0	1	0	0	0	0
41750	0	0	1	0	0	0	0
41775	0	0	1	0	0	0	0
41800	0	0	1	0	0	0	0
41825	0	0	1	0	0	0	0
41850	0	0	1	0	0	0	0
41875	0	0	1	0	0	0	0
41900	0	0	1	0	0	0	0
41925	0	0	1	0	0	0	0
41950	0	0	1	0	0	0	0
41975	0	0	1	0	0	0	0
42000	0	0	1	0	0	0	0
42025	0	0	1	0	0	0	0
42050	0	0	1	0	0	0	0
42075	0	0	1	0	0	0	0
42100	0	0	1	0	0	0	0
42125	0	0	1	0	0	0	0
42150	0	0	1	0	0	0	0
42175	0	0	0	0	0	0	0
42200	0	0	0	0	0	0	0
42225	0	0	0	0	0	0	0
42250	0	0	0	0	0	0	0
42275	0	0	0	0	0	0	0
42300	0	0	0	0	0	0	0
42325	0	0	0	0	0	0	0
42350	0	0	0	0	0	0	0
42375	0	0	0	0	0	0	0
42400	0	0	0	0	0	0	0
42425	0	0	0	0	0	0	0
42450	0	0	0	0	0	0	0
42475	0	0	0	0	0	0	0
42500	0	0	0	0	0	0	0
42525	0	0	0	0	0	0	0
42550	0	0	0	0	0	0	0
42575	0	0	0	0	0	0	0
42600	0	0	0	0	0	0	0
42625	0	0	0	0	0	0	0
42650	0	0	0	0	0	0	0
42675	0	0	0	0	0	0	0
42700	0	0	0	0	0	0	0
42725	0	0	0	0	0	0	0
42750	0	0	0	0	0	0	0
42775	0	0	0	0	0	0	0
42800	0	0	0	0	0	0	0
42825	0	0	0	0	0	0	0
42850	0	0	0	0	0	0	0
42875	0	0	0	0	0	0	0
42900	0	0	0	0	0	0	0
42925	0	0	0	0	0	0	0
42950	1	0	0	0	0	0	0
42975	1	0	0	0	0	0	0
43000	1	0	0	0	0	0	0
43025	1	0	0	0	0	0	0
43050	1	0	0	0	0	0	0
43075	1	0	0	0	0	0	0
43100	1	0	0	0	0	0	0
43125	1	0	0	0	0	0	0
43150	1	0	0	0	0	0	0
43175	1	0	0	0	0	0	0
43200	1	0	0	0	0	0	0
43225	1	0	0	0	0	0	0
43250	1	0	0	0	0	0	0
43275	1	0	0	0	0	0	0
43300	1	0	0	0	0	0	0
43325	1	0	0	0	0	0	0
43350	1	0	0	0	0	0	0
43375	1	0	0	0	0	0	0
43400	1	0	0	0	0	0	0
43425	1	0	0	0	0	0	0
43450	1	0	0	0	0	0	0
43475	1	0	0	0	0	0	0
43500	1	0	0	0	0	0	0
43525	1	0	0	0	0	0	0
43550	1	0	0	0	0	0	0
43575	1	0	0	0	0	0	0
43600	1	0	0	0	0	0	0
43625	1	0	0	0	0	0	0
43650	1	0	0	0	0	0	0
43675	1	0	0	0	0	0	0
43700	0	0	0	0	0	0	0
43725	1	0	0	0	0	0	0
43750	1	0	0	0	0	0	0
43775	1	0	0	0	0	0	0
43800	1	0	0	0	0	0	0
43825	1	0	0	0	0	0	0
43850	1	0	0	0	1	0	0
43875	1	0	0	0	0	0	0
43900	1	0	0	0	0	0	0
43925	1	0	0	0	0	0	0
43950	1	0	0	0	0	0	0
43975	1	0	0	0	0	0	0
44000	1	0	0	0	1	0	0
44025	1	0	0	0	1	0	0
44050	1	0	0	0	1	0	0
44075	1	0	0	0	1	0	0
44100	1	0	0	0	1	0	0
44125	1	0	0	0	1	0	0
44150	1	0	0	0	1	0	0
44175	1	0	0	0	1	0	0
44200	1	0	0	0	1	0	0
44225	1	0	0	0	1	0	0
44250	1	0	0	0	1	0	0
44275	1	0	0	0	1	0	0
44300	1	0	0	0	1	0	0
44325	1	0	0	0	1	0	0
44350	1	0	0	0	1	0	0
44375	1	0	0	0	1	0	0
44400	1	0	0	0	1	0	0
44425	1	0	0	0	1	0	0
44450	1	0	0	0	1	0	0
44475	1	0	0	0	1	0	0
44500	1	0	0	0	1	0	0
44525	1	0	0	0	1	0	0
44550	0	0	0	0	1	0	0
44575	0	0	0	0	1	0	0
44600	0	0	0	0	1	0	0
44625	0	0	0	0	1	0	0
44650	0	0	0	0	1	0	0
44675	0	0	0	0	1	0	0
44700	0	0	0	0	1	0	0
44725	0	0	0	0	1	0	0
44750	0	0	0	0	1	0	0
44775	1	0	0	0	1	0	0
44800	1	0	0	0	1	0	0
44825	1	0	0	0	1	0	0
44850	1	0	0	0	1	0	0
44875	1	0	0	0	1	0	0
44900	1	0	0	0	1	0	0
44925	1	0	0	0	1	0	0
44950	1	0	0	0	1	0	0
44975	1	0	0	0	1	0	0
45000	1	0	0	0	1	0	0
45025	1	0	0	0	1	0	0
45050	1	0	0	0	1	0	0
45075	1	0	0	0	1	0	0
45100	1	0	0	0	1	0	0
45125	1	0	0	0	1	0	0
45150	1	0	0	0	1	0	0
45175	1	0	0	0	1	0	0
45200	1	0	0	0	1	0	0
45225	1	0	0	0	1	0	0
45250	1	0	0	0	1	0	0
45275	1	0	0	0	1	0	0
45300	1	0	0	0	1	0	0
45325	1	0	0	0	1	0	0
45350	1	0	0	0	1	0	0
45375	1	0	0	0	1	0	0
45400	1	0	0	0	1	0	0
45425	1	0	0	0	1	0	0
45450	1	0	0	0	1	0	0
45475	1	0	0	0	1	0	0
45500	1	0	0	0	1	0	0
45525	1	0	0	0	1	0	0
45550	1	0	0	0	1	0	0
45575	1	0	0	0	1	0	0
45600	0	0	0	0	1	0	0
45625	0	0	0	0	1	0	0
45650	0	0	0	0	1	0	0
45675	0	0	0	0	1	0	0
45700	0	0	0	0	1	0	0
45725	1	0	0	0	1	0	0
45750	1	0	0	0	1	0	0
45775	1	0	0	0	1	0	0
45800	1	0	0	0	1	0	0
45825	1	0	0	0	1	0	0
45850	1	0	0	0	1	0	0
45875	1	0	0	0	1	0	0
45900	1	0	0	0	1	0	0
45925	1	0	0	0	1	0	0
45950	1	0	0	0	1	0	0
45975	1	0	0	0	1	0	0
46000	1	0	0	0	1	0	0
46025	1	0	0	0	1	0	0
46050	0	0	0	0	1	0	0
46075	0	0	0	0	1	0	0
46100	0	0	0	0	1	0	0
46125	0	0	0	0	1	0	0
46150	0	0	0	0	1	0	0
46175	0	0	0	0	1	0	0
46200	0	0	0	0	1	0	0
46225	0	0	0	0	1	0	0
46250	0	0	0	0	1	0	0
46275	0	0	0	0	1	0	0
46300	0	0	0	0	1	0	0
46325	0	0	0	0	1	0	0
46350	0	0	0	0	1	0	0
46375	0	0	0	0	1	0	0
46400	0	0	0	0	1	0	0
46425	0	0	0	0	1	0	0
46450	0	0	0	0	1	0	0
46475	0	0	0	0	1	0	0
46500	0	0	0	0	1	0	0
46525	0	0	0	0	1	0	0
46550	0	0	0	0	1	0	0
46575	0	0	0	0	1	0	0
46600	1	0	0	0	1	0	0
46625	1	0	0	0	1	0	0
46650	1	0	0	0	1	0	0
46675	1	0	0	0	1	0	0
46700	1	0	0	0	1	0	0
46725	1	0	0	0	1	0	0
46750	1	0	0	0	1	0	0
46775	1	0	0	0	1	0	0
46800	1	0	0	0	1	0	0
46825	1	0	0	0	1	0	0
46850	1	0	0	0	1	0	0
46875	1	0	0	0	1	0	0
46900	0	0	0	0	1	0	0
46925	0	0	0	0	1	0	0
46950	0	0	0	0	1	0	0
46975	0	0	0	0	1	0	0
47000	1	0	0	0	1	0	0
47025	1	0	0	0	1	0	0
47050	1	0	0	0	1	0	0
47075	0	0	0	0	1	0	0
47100	0	0	0	0	1	0	0
47125	0	0	0	0	1	0	0
47150	0	0	0	0	1	0	0
47175	0	0	0	0	1	0	0
47200	0	0	0	0	1	0	0
47225	0	0	0	0	1	0	0
47250	0	0	0	0	1	0	0
47275	0	0	0	0	1	0	0
47300	0	0	0	0	1	0	0
47325	0	0	0	0	0	0	0
47350	0	0	0	0	1	0	0
47375	0	0	0	0	1	0	0
47400	0	0	0	0	1	0	0
47425	0	0	0	0	1	0	0
47450	0	0	0	0	1	0	0
47475	0	0	0	0	1	0	0
47500	0	0	0	0	1	0	0
47525	0	0	0	0	1	0	0
47550	0	0	0	0	1	0	0
47575	0	0	0	0	1	0	0
47600	0	0	0	0	1	0	0
47625	0	0	0	0	1	0	0
47650	0	0	0	0	1	0	0
47675	0	0	0	0	1	0	0
47700	0	0	0	0	1	0	0
47725	0	0	0	0	1	0	0
47750	0	0	0	0	0	0	0
47775	0	0	0	0	0	0	0
47800	0	0	0	0	0	0	0
47825	0	0	0	0	0	0	0
47850	1	0	0	0	1	0	0
47875	0	0	0	0	1	0	0
47900	0	0	0	0	1	0	0
47925	0	0	0	0	1	0	0
47950	0	0	0	0	1	0	0
47975	0	0	0	0	1	0	0
48000	0	0	0	0	1	0	0
48025	0	0	0	0	1	0	0
48050	0	0	0	0	1	0	0
48075	0	0	0	0	1	0	0
48100	0	0	0	0	1	0	0
48125	0	0	0	0	1	0	0
48150	0	0	0	0	1	0	0
48175	0	0	0	0	1	0	0
48200	0	0	0	0	1	0	0
48225	0	0	0	0	1	0	0
48250	0	0	0	0	1	0	0
48275	0	0	0	0	1	0	0
48300	0	0	0	0	1	0	0
48325	0	0	0	0	1	0	0
48350	0	0	0	0	1	0	0
48375	0	0	0	0	1	0	0
48400	0	0	0	0	1	0	0
48425	0	0	0	0	1	0	0
48450	0	0	0	0	1	0	0
48475	0	0	0	0	1	0	0
48500	0	0	0	0	1	0	0
48525	0	0	0	0	1	0	0
48550	0	0	0	0	1	0	0
48575	0	0	0	0	1	0	0
48600	0	0	0	0	1	0	0
48625	0	0	0	0	1	0	0
48650	0	0	0	0	1	0	0
48675	0	0	0	0	1	0	0
48700	0	0	0	0	1	0	0
48725	0	0	0	0	1	0	0
48750	0	0	0	0	1	0	0
48775	0	0	0	0	1	0	0
48800	0	0	0	0	1	0	0
48825	0	0	0	0	1	0	0
48850	0	0	0	0	1	0	0
48875	0	0	0	0	1	0	0
48900	0	0	0	0	1	0	0
48925	0	0	0	0	1	0	0
48950	0	0	0	0	1	0	0
48975	0	0	0	0	1	0	0
49000	0	0	0	0	1	0	0
49025	0	0	0	0	1	0	0
49050	0	0	0	0	1	0	0
49075	0	0	0	0	1	0	0
49100	0	0	0	0	1	0	0
49125	0	0	0	0	1	0	0
49150	0	0	0	0	1	0	0
49175	0	0	0	0	1	0	0
49200	0	0	0	0	1	0	0
49225	0	0	0	0	1	0	0
49250	0	0	0	0	1	0	0
49275	0	0	0	0	1	0	0
49300	0	0	0	0	1	0	0
49325	0	0	0	0	1	0	0
49350	0	0	0	0	1	0	0
49375	0	0	0	0	1	0	0
49400	0	0	0	0	1	0	0
49425	0	0	0	0	1	0	0
49450	0	0	0	0	1	0	0
49475	0	0	0	0	1	0	0
49500	0	0	0	0	1	0	0
49525	0	0	0	0	1	0	0
49550	0	0	0	0	1	0	0
49575	0	0	0	0	1	0	0
49600	0	0	0	0	1	0	0
49625	0	0	0	0	1	0	0
49650	0	0	0	0	1	0	0
49675	0	0	0	0	1	0	0
49700	0	0	0	0	1	0	0
49725	0	0	0	0	1	0	0
49750	0	0	0	0	1	0	0
49775	0	0	0	0	1	0	0
49800	0	0	0	0	1	0	0
49825	0	0	0	0	1	0	0
49850	0	0	0	0	1	0	0
49875	0	0	0	0	1	0	0
49900	0	0	0	0	1	0	0
49925	0	0	0	0	1	0	0
49950	0	0	0	0	1	0	0
49975	0	0	0	0	1	0	0
50000	0	0	0	0	1	0	0
50025	0	0	0	0	1	0	0
50050	0	0	0	0	1	0	0
50075	0	0	0	0	1	0	0
50100	0	0	0	0	1	0	0
50125	0	0	0	0	1	0	0
50150	0	0	0	0	1	0	0
50175	0	0	0	0	1	0	0
50200	0	0	0	0	1	0	0
50225	0	0	0	0	1	0	0
50250	0	0	0	0	1	0	0
50275	0	0	0	0	1	0	0
50300	0	0	0	0	1	0	0
50325	0	0	0	0	1	0	0
50350	0	0	0	0	1	0	0
50375	0	0	0	0	1	0	0
50400	0	0	0	0	1	0	0
50425	0	0	0	0	1	0	0
50450	0	0	0	0	1	0	0
50475	0	0	0	0	1	0	0
50500	0	0	0	0	1	0	0
50525	0	0	0	0	1	0	0
50550	0	0	0	0	1	0	0
50575	0	0	0	0	1	0	0
50600	0	0	0	0	1	0	0
50625	0	0	0	0	1	0	0
50650	0	0	0	0	1	0	0
50675	1	0	0	0	1	0	0
50700	1	0	0	0	1	0	0
50725	1	0	0	0	1	0	0
50750	1	0	0	0	1	0	0
50775	1	0	0	0	1	0	0
50800	1	0	0	0	1	0	0
50825	1	0	0	0	1	0	0
50850	1	0	0	0	1	0	0
50875	1	0	0	0	1	0	0
50900	1	0	0	0	1	0	0
50925	1	0	0	0	1	0	0
50950	1	0	0	0	1	0	0
50975	1	0	0	0	1	0	0
51000	1	0	0	0	1	0	0
51025	1	0	0	0	1	0	0
51050	1	0	0	0	1	0	0
51075	1	0	0	0	1	0	0
51100	1	0	0	0	1	0	0
51125	1	0	0	0	1	0	0
51150	1	0	0	0	1	0	0
51175	1	0	0	0	1	0	0
51200	1	0	0	0	1	0	0
51225	1	0	0	0	1	0	0
51250	1	0	0	0	1	0	0
51275	1	0	0	0	1	0	0
51300	1	0	0	0	1	0	0
51325	1	0	0	0	1	0	0
51350	1	0	0	0	0	0	0
51375	1	0	0	0	0	0	0
51400	1	0	0	0	0	0	0
51425	1	0	0	0	0	0	0
51450	1	0	0	0	0	0	0
51475	1	0	0	0	0	0	0
51500	1	0	0	0	0	0	0
51525	1	0	0	0	0	0	0
51550	1	0	0	0	0	0	0
51575	1	0	0	0	0	0	0
51600	1	0	0	0	0	0	0
51625	1	0	0	0	0	0	0
51650	1	0	0	0	0	0	0
51675	1	0	0	0	0	0	0
51700	0	0	0	0	0	0	0
51725	0	0	0	0	0	0	0
51750	0	0	0	0	0	0	0
51775	0	0	0	0	0	0	0
51800	1	0	0	0	0	0	0
51825	1	0	0	0	0	0	0
51850	1	0	0	0	0	0	0
51875	1	0	0	1	0	0	0
51900	1	0	0	1	0	0	0
51925	1	0	0	1	0	0	0
51950	1	0	0	1	0	0	0
51975	1	0	0	1	0	0	0
52000	1	0	0	1	0	0	0
52025	0	0	0	1	0	0	0
52050	0	0	0	1	0	0	0
52075	0	0	0	1	0	0	0
52100	0	0	0	0	0	0	0
52125	0	0	0	0	0	0	0
52150	1	0	0	0	0	0	0
52175	1	0	0	0	0	0	0
52200	0	0	0	0	0	0	0
52225	0	0	0	0	0	0	0
52250	0	0	0	0	0	0	0
52275	1	0	0	0	0	0	0
52300	1	0	0	0	0	0	0
52325	1	0	0	0	0	0	0
52350	1	0	0	0	0	0	0
52375	0	0	0	0	0	0	0
52400	0	0	0	0	0	0	0
52425	0	0	0	0	0	0	0
52450	0	0	0	0	0	0	0
52475	0	0	0	1	0	0	0
52500	0	0	0	1	0	0	0
52525	0	0	0	1	0	0	0
52550	0	0	0	1	0	0	0
52575	1	0	0	1	0	0	0
52600	1	0	0	1	0	0	0
52625	1	0	0	1	0	0	0
52650	1	0	0	0	0	0	0
52675	1	0	0	0	0	0	0
52700	1	0	0	0	0	0	0
52725	1	0	0	0	0	0	0
52750	1	0	0	0	0	0	0
52775	1	0	0	0	0	0	0
52800	1	0	0	0	0	0	0
52825	1	0	0	0	0	0	0
52850	1	0	0	1	0	0	0
52875	1	0	0	1	0	0	0
52900	0	0	0	1	0	0	0
52925	0	0	0	1	0	0	0
52950	0	0	0	0	0	0	0
52975	0	0	0	0	0	0	0
53000	0	0	0	1	0	0	0
53025	0	0	0	1	0	0	0
53050	0	0	0	1	0	0	0
53075	0	0	0	0	0	0	0
53100	0	0	0	0	0	0	0
53125	0	0	0	0	0	0	0
53150	0	0	0	1	0	0	0
53175	0	0	0	1	0	0	0
53200	0	0	0	1	0	0	0
53225	0	0	0	1	0	0	0
53250	0	0	0	1	0	0	0
53275	0	0	0	1	0	0	0
53300	0	0	0	1	0	0	0
53325	0	0	0	1	0	0	0
53350	0	0	0	1	0	0	0
53375	0	0	0	1	0	0	0
53400	0	0	0	1	0	0	0
53425	0	0	0	1	0	0	0
53450	0	0	0	1	0	0	0
53475	0	0	0	1	0	0	0
53500	0	0	0	1	0	0	0
53525	0	0	0	1	0	0	0
53550	0	0	0	1	0	0	0
53575	0	0	0	1	0	0	0
53600	0	0	0	1	0	0	0
53625	0	0	0	1	0	0	0
53650	0	0	0	1	0	0	0
53675	0	0	0	1	0	0	0
53700	0	0	0	1	0	0	0
53725	0	0	0	1	0	0	0
53750	0	0	0	1	0	0	0
53775	0	0	0	1	0	0	0
53800	0	0	0	1	0	0	0
53825	0	0	0	1	0	0	0
53850	0	0	0	1	0	0	0
53875	0	0	0	1	0	0	0
53900	0	0	0	1	0	0	0
53925	0	0	0	1	0	0	0
53950	0	0	0	1	0	0	0
53975	0	0	0	1	0	0	0
54000	0	0	0	1	0	0	0
54025	0	0	0	1	0	0	0
54050	0	0	0	1	0	0	0
54075	0	0	0	0	0	0	0
54100	0	0	0	0	0	0	0
54125	0	0	0	0	0	0	0
54150	0	0	0	0	0	0	0
54175	0	0	0	1	0	0	0
54200	0	0	0	1	0	0	0
54225	0	0	0	1	0	0	0
54250	0	0	0	1	0	0	0
54275	0	0	0	1	0	0	0
54300	0	0	0	0	0	0	0
54325	1	0	0	0	0	0	0
54350	1	0	0	0	0	0	0
54375	1	0	0	0	0	0	0
54400	1	0	0	1	0	0	0
54425	1	0	0	1	0	0	0
54450	1	0	0	1	0	0	0
54475	1	0	0	1	0	0	0
54500	0	0	0	1	0	0	0
54525	0	0	0	1	0	0	0
54550	1	0	0	1	0	0	0
54575	1	0	0	1	0	0	0
54600	1	0	0	1	0	0	0
54625	1	0	0	1	0	0	0
54650	1	0	0	1	0	0	0
54675	0	0	0	1	0	0	0
54700	0	0	0	1	0	0	0
54725	0	0	0	1	0	0	0
54750	0	0	0	1	0	0	0
54775	0	0	0	1	0	0	0
54800	0	0	0	0	0	0	0
54825	0	0	0	0	0	0	0
54850	0	0	0	1	0	0	0
54875	0	0	0	1	0	0	0
54900	0	0	0	0	0	0	0
54925	0	0	0	0	0	0	0
54950	0	0	0	0	0	0	0
54975	0	0	0	0	0	0	0
55000	0	0	0	0	0	0	0
55025	1	0	0	0	0	0	0
55050	1	0	0	0	0	0	0
55075	0	0	0	1	0	0	0
55100	0	0	0	1	0	0	0
55125	0	0	0	1	0	0	0
55150	0	0	0	1	0	0	0
55175	1	0	0	1	0	0	0
55200	1	0	0	1	0	0	0
55225	1	0	0	1	0	0	0
55250	1	0	0	1	0	0	0
55275	1	0	0	1	0	0	0
55300	1	0	0	1	0	0	0
55325	1	0	0	1	0	0	0
55350	1	0	0	1	0	0	0
55375	1	0	0	1	0	0	0
55400	1	0	0	1	0	0	0
55425	1	0	0	1	0	0	0
55450	1	0	0	1	0	0	0
55475	1	0	0	1	0	0	0
55500	1	0	0	1	0	0	0
55525	0	0	0	1	0	0	0
55550	0	0	0	1	0	0	0
55575	0	0	0	1	0	0	0
55600	0	0	0	1	0	0	0
55625	0	0	0	1	0	0	0
55650	0	0	0	0	0	0	0
55675	0	0	0	0	0	0	0
55700	0	0	0	0	0	0	0
55725	0	0	0	0	0	0	0
55750	0	0	0	0	0	0	0
55775	0	0	0	0	0	0	0
55800	0	0	0	0	0	0	0
55825	0	0	0	0	0	0	0
55850	0	0	0	0	0	0	0
55875	0	0	0	0	0	0	0
55900	0	0	0	0	0	0	0
55925	0	0	0	0	0	0	0
55950	0	0	0	0	0	0	0
55975	0	0	0	0	0	0	0
56000	0	0	0	0	0	0	0
56025	1	0	0	0	0	0	0
56050	1	0	0	0	0	0	0
56075	1	0	0	0	0	0	0
56100	0	0	0	0	0	0	0
56125	0	0	0	0	0	0	0
56150	0	0	0	0	0	0	0
56175	0	0	0	0	0	0	0
56200	0	0	0	0	0	0	0
56225	1	0	0	1	0	0	0
56250	1	0	0	1	0	0	0
56275	1	0	0	1	0	0	0
56300	1	0	0	1	0	0	0
56325	1	0	0	1	0	0	0
56350	1	0	0	1	0	0	0
56375	0	0	0	1	0	0	0
56400	0	0	0	1	0	0	0
56425	0	0	0	1	0	0	0
56450	0	0	0	1	0	0	0
56475	0	0	0	1	0	0	0
56500	0	0	0	1	0	0	0
56525	0	0	0	1	0	0	0
56550	0	0	0	1	0	0	0
56575	0	0	0	1	0	0	0
56600	0	0	0	1	0	0	0
56625	0	0	0	1	0	0	0
56650	0	0	0	1	0	0	0
56675	0	0	0	1	0	0	0
56700	0	0	0	1	0	0	0
56725	0	0	0	1	0	0	0
56750	1	0	0	0	0	0	0
56775	1	0	0	0	0	0	0
56800	1	0	0	0	0	0	0
56825	1	0	0	0	0	0	0
56850	1	0	0	0	0	0	0
56875	1	0	0	0	0	0	0
56900	1	0	0	0	0	0	0
56925	1	0	0	0	0	0	0
56950	1	0	0	0	0	0	0
56975	1	0	0	0	0	0	0
57000	1	0	0	0	0	0	0
57025	1	0	0	0	0	0	0
57050	1	0	0	0	0	0	0
57075	1	0	0	0	0	0	0
57100	1	0	0	0	0	0	0
57125	1	0	0	0	0	0	0
57150	1	0	0	0	0	0	0
57175	1	0	1	0	0	0	0
57200	1	0	1	0	0	0	0
57225	1	0	1	0	0	0	0
57250	1	0	1	0	0	0	0
57275	0	0	1	0	0	0	0
57300	0	0	1	0	0	0	0
57325	0	0	1	0	0	0	0
57350	0	0	1	0	0	0	0
57375	0	0	1	0	0	0	0
57400	0	0	1	0	0	0	0
57425	0	0	1	0	0	0	0
57450	0	0	1	0	0	0	0
57475	0	0	1	0	0	0	0
57500	0	0	1	0	0	0	0
57525	0	0	1	0	0	0	0
57550	0	0	1	0	0	0	0
57575	0	0	1	0	0	0	0
57600	0	0	1	0	0	0	0
57625	0	0	1	0	0	0	0
57650	0	0	1	0	0	0	0
57675	0	0	1	0	0	0	0
57700	0	0	1	0	0	0	0
57725	0	0	1	0	0	0	0
57750	0	0	1	0	0	0	0
57775	0	0	1	0	0	0	0
57800	0	0	1	0	0	0	0
57825	0	0	1	0	0	0	0
57850	0	0	1	0	0	0	0
57875	0	0	1	0	0	0	0
57900	0	0	1	0	0	0	0
57925	0	0	1	0	0	0	0
57950	0	0	1	0	0	0	0
57975	0	0	1	0	0	0	0
58000	0	0	1	0	0	0	0
58025	0	0	1	0	0	0	0
58050	0	0	1	0	0	0	0
58075	0	0	1	0	0	0	0
58100	0	0	1	0	0	0	0
58125	0	0	1	0	0	0	0
58150	0	0	1	0	0	0	0
58175	0	0	1	0	0	0	0
58200	0	0	1	0	0	0	0
58225	0	0	1	0	0	0	0
58250	0	0	1	0	0	0	0
58275	0	0	1	0	0	0	0
58300	0	0	1	0	0	0	0
58325	0	0	1	0	0	0	0
58350	0	0	1	0	0	0	0
58375	0	0	1	0	0	0	0
58400	0	0	1	0	0	0	0
58425	0	0	1	0	0	0	0
58450	0	0	1	0	0	0	0
58475	0	0	1	0	0	0	0
58500	0	0	1	0	0	0	0
58525	0	0	1	0	0	0	0
58550	0	0	1	0	0	0	0
58575	0	0	1	0	0	0	0
58600	0	0	1	0	0	0	0
58625	0	0	1	0	0	0	0
58650	0	0	1	0	0	0	0
58675	0	0	1	0	0	0	0
58700	0	0	1	0	0	0	0
58725	0	0	1	0	0	0	0
58750	0	0	1	0	0	0	0
58775	0	0	1	0	0	0	0
58800	0	0	1	0	0	0	0
58825	0	0	1	0	0	0	0
58850	0	0	1	0	0	0	0
58875	0	0	1	0	0	0	0
58900	0	0	1	0	0	0	0
58925	0	0	1	0	0	0	0
58950	0	0	1	0	0	0	0
58975	0	0	1	0	0	0	0
59000	0	0	1	0	0	0	0
59025	0	0	1	0	0	0	0
59050	1	0	1	0	0	0	0
59075	1	0	1	0	0	0	0
59100	1	0	1	0	0	0	0
59125	1	0	1	0	0	0	0
59150	1	0	1	0	0	0	0
59175	0	0	1	0	0	0	0
59200	0	0	1	0	0	0	0
59225	0	0	1	0	0	0	0
59250	0	0	1	0	0	0	0
59275	0	0	1	0	0	0	0
59300	0	0	1	0	0	0	0
59325	0	0	1	0	0	0	0
59350	0	0	1	0	0	0	0
59375	0	0	1	0	0	0	0
59400	0	0	1	0	0	0	0
59425	0	0	1	0	0	0	0
59450	0	0	1	0	0	0	0
59475	0	0	1	0	0	0	0
59500	0	0	1	0	0	0	0
59525	0	0	1	0	0	0	0
59550	0	0	1	0	0	0	0
59575	0	0	1	0	0	0	0
59600	0	0	1	0	0	0	0
59625	0	0	1	0	0	0	0
59650	0	0	1	0	0	0	0
59675	0	0	1	0	0	0	0
59700	0	0	1	0	0	0	0
59725	0	0	1	0	0	0	0
59750	0	0	1	0	0	0	0
59775	1	0	1	0	0	0	0
59800	1	0	1	0	0	0	0
59825	1	0	1	0	0	0	0
59850	0	0	1	0	0	0	0
59875	0	0	1	0	0	0	0
59900	1	0	1	0	0	0	0
59925	1	0	1	0	0	0	0
59950	0	0	1	0	0	0	0
59975	0	0	0	0	0	0	0
60000	1	0	1	0	0	0	0
60025	0	0	1	0	0	0	0
60050	0	0	1	0	0	0	0
60075	0	0	1	0	0	0	0
60100	1	0	1	0	0	0	0
60125	1	0	1	0	0	0	0
60150	1	0	1	0	0	0	0
60175	0	0	1	0	0	0	0
60200	0	0	1	0	0	0	0
60225	0	0	1	0	0	0	0
60250	0	0	1	0	0	0	0
60275	0	0	1	0	0	0	0
60300	0	0	1	0	0	0	0
60325	1	0	1	0	0	0	0
60350	1	0	1	0	0	0	0
60375	0	0	1	0	0	0	0
60400	0	0	1	0	0	0	0
60425	0	0	1	0	0	0	0
60450	0	0	1	0	0	0	0
60475	0	0	1	0	0	0	0
60500	0	0	1	0	0	0	0
60525	0	0	1	0	0	0	0
60550	0	0	1	0	0	0	0
60575	0	0	1	0	0	0	0
60600	0	0	1	0	0	0	0
60625	0	0	1	0	0	0	0
60650	0	0	1	0	0	0	0
60675	0	0	1	0	0	0	0
60700	0	0	1	0	0	0	0
60725	0	0	1	0	0	0	0
60750	0	0	1	0	0	0	0
60775	0	0	1	0	0	0	0
60800	0	0	1	0	0	0	0
60825	0	0	1	0	0	0	0
60850	0	0	1	0	0	0	0
60875	0	0	1	0	0	0	0
60900	0	0	1	0	0	0	0
60925	0	0	1	0	0	0	0
60950	0	0	1	0	0	0	0
60975	0	0	1	0	0	0	0
61000	0	0	1	0	0	0	0
61025	0	0	1	0	0	0	0
61050	0	0	1	0	0	0	0
61075	0	0	1	0	0	0	0
61100	0	0	1	0	0	0	0
61125	0	0	1	0	0	0	0
61150	0	0	1	0	0	0	0
61175	0	0	1	0	0	0	0
61200	0	0	1	0	0	0	0
61225	0	0	1	0	0	0	0
61250	0	0	1	0	0	0	0
61275	0	0	1	0	0	0	0
61300	0	0	1	0	0	0	0
61325	0	0	1	0	0	0	0
61350	0	0	1	0	0	0	0
61375	0	0	1	0	0	0	0
61400	0	0	1	0	0	0	0
61425	0	0	1	0	0	0	0
61450	0	0	1	0	0	0	0
61475	0	0	1	0	0	0	0
61500	0	0	1	0	0	0	0
61525	0	0	1	0	0	0	0
61550	0	0	1	0	0	0	0
61575	0	0	1	0	0	0	0
61600	0	0	1	0	0	0	0
61625	0	0	1	0	0	0	0
61650	0	0	1	0	0	0	0
61675	0	0	1	0	0	0	0
61700	0	0	1	0	0	0	0
61725	0	0	1	0	0	0	0
61750	0	0	1	0	0	0	0
61775	0	0	1	0	0	0	0
61800	0	0	1	0	0	0	0
61825	0	0	1	0	0	0	0
61850	0	0	1	0	0	0	0
61875	0	0	1	0	0	0	0
61900	0	0	1	0	0	0	0
61925	0	0	1	0	0	0	0
61950	0	0	1	0	0	0	0
61975	0	0	1	0	0	0	0
62000	0	0	1	0	0	0	0
62025	0	0	1	0	0	0	0
62050	0	0	1	0	0	0	0
62075	0	0	1	0	0	0	0
62100	0	0	1	0	0	0	0
62125	0	0	1	0	0	0	0
62150	0	0	1	0	0	0	0
62175	0	0	1	0	0	0	0
62200	0	0	1	0	0	0	0
62225	0	0	1	0	0	0	0
62250	0	0	1	0	0	0	0
62275	0	0	1	0	0	0	0
62300	0	0	1	0	0	0	0
62325	0	0	1	0	0	0	0
62350	0	0	1	0	0	0	0
62375	0	0	1	0	0	0	0
62400	0	0	1	0	0	0	0
62425	0	0	1	0	0	0	0
62450	0	0	1	0	0	0	0
62475	0	0	1	0	0	0	0
62500	0	0	1	0	0	0	0
62525	0	0	1	0	0	0	0
62550	0	0	1	0	0	0	0
62575	0	0	1	0	0	0	0
62600	0	0	1	0	0	0	0
62625	0	0	1	0	0	0	0
62650	0	0	1	0	0	0	0
62675	0	0	1	0	0	0	0
62700	0	0	1	0	0	0	0
62725	0	0	1	0	0	0	0
62750	0	0	1	0	0	0	0
62775	0	0	1	0	0	0	0
62800	0	0	1	0	0	0	0
62825	0	0	1	0	0	0	0
62850	0	0	1	0	0	0	0
62875	0	0	1	0	0	0	0
62900	1	0	1	0	0	0	0
62925	0	0	1	0	0	0	0
62950	0	0	1	0	0	0	0
62975	0	0	1	0	0	0	0
63000	0	0	1	0	0	0	0
63025	0	0	1	0	0	0	0
63050	0	0	1	0	0	0	0
63075	0	0	1	0	0	0	0
63100	0	0	1	0	0	0	0
63125	0	0	1	0	0	0	0
63150	0	0	1	0	0	0	0
63175	1	0	1	0	0	0	0
63200	1	0	1	0	0	0	0
63225	1	0	1	0	0	0	0
63250	1	0	1	0	0	0	0
63275	0	0	1	0	0	0	0
63300	0	0	1	0	0	0	0
63325	0	0	1	0	0	0	0
63350	1	0	1	0	0	0	0
63375	1	0	1	0	0	0	0
63400	1	0	1	0	0	0	0
63425	1	0	1	0	0	0	0
63450	1	0	1	0	0	0	0
63475	1	0	1	0	0	0	0
63500	1	0	1	0	0	0	0
63525	1	0	1	0	0	0	0
63550	1	0	1	0	0	0	0
63575	1	0	1	0	0	0	0
63600	1	0	1	0	0	0	0
63625	1	0	1	0	0	0	0
63650	1	0	1	0	0	0	0
63675	1	0	1	0	0	0	0
63700	0	0	1	0	0	0	0
63725	0	0	1	0	0	0	0
63750	0	0	1	0	0	0	0
63775	0	0	1	0	0	0	0
63800	0	0	1	0	0	0	0
63825	0	0	1	0	0	0	0
63850	0	0	1	0	0	0	0
63875	1	0	1	0	0	0	0
63900	1	0	1	0	0	0	0
63925	1	0	1	0	0	0	0
63950	1	0	1	0	0	0	0
63975	1	0	1	0	0	0	0
64000	1	0	1	0	0	0	0
64025	1	0	1	0	0	0	0
64050	1	0	1	0	0	0	0
64075	0	0	1	0	0	0	0
64100	1	0	1	0	0	0	0
64125	1	0	1	0	0	0	0
64150	1	0	1	0	0	0	0
64175	1	0	1	0	0	0	0
64200	1	0	1	0	0	0	0
64225	1	0	1	0	0	0	0
64250	1	0	1	0	0	0	0
64275	1	0	1	0	0	0	0
64300	1	0	1	0	0	0	0
64325	1	0	1	0	0	0	0
64350	0	0	1	0	0	0	0
64375	1	0	1	0	0	0	0
64400	1	0	1	0	0	0	0
64425	1	0	1	0	0	0	0
64450	0	0	1	0	0	0	0
64475	1	0	1	0	0	0	0
64500	1	0	1	0	0	0	0
64525	1	0	1	0	0	0	0
64550	1	0	1	0	0	0	0
64575	1	0	1	0	0	0	0
64600	1	0	1	0	0	0	0
64625	1	0	1	0	0	0	0
64650	1	0	1	0	0	0	0
64675	1	0	1	0	0	0	0
64700	1	0	1	0	0	0	0
64725	1	0	1	0	0	0	0
64750	1	0	1	0	0	0	0
64775	1	0	1	0	0	0	0
64800	0	0	1	0	0	0	0
64825	0	0	1	0	0	0	0
64850	1	0	1	0	0	0	0
64875	1	0	1	0	0	0	0
64900	1	0	1	0	0	0	0
64925	1	0	1	0	0	0	0
64950	1	0	1	0	0	0	0
64975	0	0	1	0	0	0	0
65000	0	0	1	0	0	0	0
65025	0	0	1	0	0	0	0
65050	0	0	1	0	0	0	0
65075	0	0	1	0	0	0	0
65100	0	0	1	0	0	0	0
65125	0	0	1	0	0	0	0
65150	0	0	1	0	0	0	0
65175	0	0	1	0	0	0	0
65200	0	0	1	0	0	0	0
65225	0	0	1	0	0	0	0
65250	0	0	1	0	0	0	0
65275	0	0	1	0	0	0	0
65300	0	0	1	0	0	0	0
65325	1	0	1	0	0	0	0
65350	0	0	1	0	0	0	0
65375	0	0	1	0	0	0	0
65400	0	0	1	0	0	0	0
65425	0	0	1	0	0	0	0
65450	0	0	1	0	0	0	0
65475	0	0	1	0	0	0	0
65500	0	0	1	0	0	0	0
65525	1	0	1	0	0	0	0
65550	1	0	1	0	0	0	0
65575	1	0	1	0	0	0	0
65600	1	0	1	0	0	0	0
65625	0	0	1	0	0	0	0
65650	0	0	1	0	0	0	0
65675	1	0	1	0	0	0	0
65700	1	0	1	0	0	0	0
65725	0	0	1	0	0	0	0
65750	0	0	1	0	0	0	0
65775	0	0	1	0	0	0	0
65800	0	0	1	0	0	0	0
65825	0	0	1	0	0	0	0
65850	0	0	1	0	0	0	0
65875	0	0	1	0	0	0	0
65900	0	0	1	0	0	0	0
65925	0	0	1	0	0	0	0
65950	0	0	1	0	0	0	0
65975	0	0	1	0	0	0	0
66000	0	0	1	0	0	0	0
66025	0	0	1	0	0	0	0
66050	0	0	1	0	0	0	0
66075	0	0	1	0	0	0	0
66100	0	0	1	0	0	0	0
66125	0	0	1	0	0	0	0
66150	0	0	1	0	0	0	0
66175	0	0	1	0	0	0	0
66200	0	0	1	0	0	0	0
66225	0	0	1	0	0	0	0
66250	0	0	1	0	0	0	0
66275	0	0	1	0	0	0	0
66300	0	0	1	0	0	0	0
66325	0	0	1	0	0	0	0
66350	0	0	1	0	0	0	0
66375	0	0	1	0	0	0	0
66400	0	0	1	0	0	0	0
66425	0	0	1	0	0	0	0
66450	0	0	1	0	0	0	0
66475	0	0	1	0	0	0	0
66500	0	0	1	0	0	0	0
66525	0	0	1	0	0	0	0
66550	0	0	1	0	0	0	0
66575	0	0	1	0	0	0	0
66600	0	0	1	0	0	0	0
66625	0	0	1	0	0	0	0
66650	0	0	1	0	0	0	0
66675	1	0	1	0	0	0	0
66700	1	0	1	0	0	0	0
66725	1	0	1	0	0	0	0
66750	1	0	1	0	0	0	0
66775	1	0	1	0	0	0	0
66800	1	0	1	0	0	0	0
66825	0	0	1	0	0	0	0
66850	0	0	1	0	0	0	0
66875	0	0	1	0	0	0	0
66900	0	0	1	0	0	0	0
66925	0	0	1	0	0	0	0
66950	0	0	1	0	0	0	0
66975	0	0	1	0	0	0	0
67000	0	0	1	0	0	0	0
67025	0	0	1	0	0	0	0
67050	0	0	1	0	0	0	0
67075	0	0	1	0	0	0	0
67100	0	0	1	0	0	0	0
67125	0	0	1	0	0	0	0
67150	0	0	1	0	0	0	0
67175	0	0	1	0	0	0	0
67200	0	0	1	0	0	0	0
67225	0	0	1	0	0	0	0
67250	0	0	1	0	0	0	0
67275	0	0	1	0	0	0	0
67300	0	0	1	0	0	0	0
67325	0	0	1	0	0	0	0
67350	0	0	1	0	0	0	0
67375	0	0	1	0	0	0	0
67400	0	0	1	0	0	0	0
67425	0	0	1	0	0	0	0
67450	0	0	1	0	0	0	0
67475	1	0	1	0	0	0	0
67500	1	0	1	0	0	0	0
67525	1	0	1	0	0	0	0
67550	1	0	1	0	0	0	0
67575	1	0	1	0	0	0	0
67600	1	0	1	0	0	0	0
67625	1	0	1	0	0	0	0
67650	1	0	1	0	0	0	0
67675	1	0	1	0	0	0	0
67700	1	0	1	0	0	0	0
67725	1	0	1	0	0	0	0
67750	1	0	1	0	0	0	0
67775	1	0	1	0	0	0	0
67800	1	0	1	0	0	0	0
67825	1	0	1	0	0	0	0
67850	1	0	1	0	0	0	0
67875	1	0	1	0	0	0	0
67900	1	0	1	0	0	0	0
67925	1	0	1	0	0	0	0
67950	1	0	1	0	0	0	0
67975	1	0	1	0	0	0	0
68000	1	0	1	0	0	0	0
68025	1	0	1	0	0	0	0
68050	1	0	1	0	0	0	0
68075	1	0	1	0	0	0	0
68100	1	0	1	0	0	0	0
68125	1	0	1	0	0	0	0
68150	1	0	1	0	0	0	0
68175	1	0	1	0	0	0	0
68200	1	0	1	0	0	0	0
68225	1	0	1	0	0	0	0
68250	1	0	1	0	0	0	0
68275	1	0	1	0	0	0	0
68300	1	0	1	0	0	0	0
68325	1	0	1	0	0	0	0
68350	1	0	1	0	0	0	0
68375	1	0	1	0	0	0	0
68400	1	0	1	0	0	0	0
68425	1	0	1	0	0	0	0
68450	1	0	1	0	0	0	0
68475	1	0	1	0	0	0	0
68500	1	0	1	0	0	0	0
68525	1	0	1	0	0	0	0
68550	1	0	1	0	0	0	0
68575	1	0	1	0	0	0	0
68600	1	0	1	0	0	0	0
68625	1	0	1	0	0	0	0
68650	1	0	1	0	0	0	0
68675	1	0	1	0	0	0	0
68700	1	0	1	0	0	0	0
68725	1	0	1	0	0	0	0
68750	1	0	1	0	0	0	0
68775	1	0	1	0	0	0	0
68800	1	0	1	0	0	0	0
68825	1	0	1	0	0	0	0
68850	1	0	1	0	0	0	0
68875	1	0	1	0	0	0	0
68900	1	0	1	0	0	0	0
68925	1	0	1	0	0	0	0
68950	1	0	1	0	0	0	0
68975	1	0	1	0	0	0	0
69000	1	0	1	0	0	0	0
69025	1	0	1	0	0	0	0
69050	1	0	1	0	0	0	0
69075	1	0	1	0	0	0	0
69100	1	0	1	0	0	0	0
69125	1	0	1	0	0	0	0
69150	0	0	1	0	0	0	0
69175	0	0	1	0	0	0	0
69200	0	0	1	0	0	0	0
69225	0	0	1	0	0	0	0
69250	0	0	1	0	0	0	0
69275	0	0	1	0	0	0	0
69300	0	0	1	0	0	0	0
69325	0	0	1	0	0	0	0
69350	0	0	1	0	0	0	0
69375	0	0	1	0	0	0	0
69400	0	0	1	0	0	0	0
69425	0	0	1	0	0	0	0
69450	0	0	1	0	0	0	0
69475	0	0	1	0	0	0	0
69500	0	0	1	0	0	0	0
69525	0	0	1	0	0	0	0
69550	0	0	1	0	0	0	0
69575	0	0	1	0	0	0	0
69600	0	0	1	0	0	0	0
69625	0	0	1	0	0	0	0
69650	0	0	1	0	0	0	0
69675	0	0	1	0	0	0	0
69700	0	0	1	0	0	0	0
69725	0	0	1	0	0	0	0
69750	0	0	1	0	0	0	0
69775	0	0	1	0	0	0	0
69800	0	0	1	0	0	0	0
69825	0	0	1	0	0	0	0
69850	0	0	1	0	0	0	0
69875	0	0	1	0	0	0	0
69900	0	0	1	0	0	0	0
69925	0	0	1	0	0	0	0
69950	0	0	1	0	0	0	0
69975	0	0	1	0	0	0	0
70000	0	0	1	0	0	0	0
70025	0	0	1	0	0	0	0
70050	0	0	0	0	0	0	0
70075	0	0	1	0	0	0	0
70100	0	0	0	0	0	0	0
70125	1	0	1	0	0	0	0
70150	1	0	1	0	0	0	0
70175	0	0	1	0	0	0	0
70200	1	0	1	0	0	0	0
70225	1	0	1	0	0	0	0
70250	1	0	1	0	0	0	0
70275	1	0	1	0	0	0	0
70300	1	0	1	0	0	0	0
70325	1	0	1	0	0	0	0
70350	1	0	0	0	0	0	0
70375	1	0	0	0	0	0	0
70400	1	0	0	0	0	0	0
70425	1	0	0	0	0	0	0
70450	1	0	0	0	0	0	0
70475	1	0	0	0	0	0	0
70500	1	0	0	0	0	0	0
70525	1	0	0	0	0	0	0
70550	1	0	0	0	0	0	0
70575	1	0	0	0	0	0	0
70600	1	0	0	0	0	0	0
70625	1	0	0	0	0	0	0
70650	1	0	0	0	0	0	0
70675	0	0	1	0	0	0	0
70700	0	0	1	0	0	0	0
70725	0	0	1	0	0	0	0
70750	0	0	1	0	0	0	0
70775	0	0	1	0	0	0	0
70800	0	0	1	0	0	0	0
70825	1	0	1	0	0	0	0
70850	0	0	1	0	0	0	0
70875	0	0	1	0	0	0	0
70900	0	0	1	0	0	0	0
70925	0	0	1	0	0	0	0
70950	1	0	1	0	0	0	0
70975	1	0	1	0	0	0	0
71000	1	0	1	0	0	0	0
71025	1	0	1	0	0	0	0
71050	0	0	1	0	0	0	0
71075	0	0	1	0	0	0	0
71100	0	0	1	0	0	0	0
71125	0	0	1	0	0	0	0
71150	0	0	1	0	0	0	0
71175	0	0	1	0	0	0	0
71200	0	0	1	0	0	0	0
71225	0	0	1	0	0	0	0
71250	0	0	1	0	0	0	0
71275	0	0	1	0	0	0	0
71300	0	0	1	0	0	0	0
71325	0	0	1	0	0	0	0
71350	0	0	1	0	0	0	0
71375	0	0	1	0	0	0	0
71400	0	0	1	0	0	0	0
71425	0	0	1	0	0	0	0
71450	0	0	1	0	0	0	0
71475	0	0	1	0	0	0	0
71500	0	0	1	0	0	0	0
71525	0	0	1	0	0	0	0
71550	0	0	1	0	0	0	0
71575	0	0	1	0	0	0	0
71600	0	0	1	0	0	0	0
71625	0	0	1	0	0	0	0
71650	0	0	1	0	0	0	0
71675	0	0	1	0	0	0	0
71700	0	0	1	0	0	0	0
71725	0	0	1	0	0	0	0
71750	0	0	1	0	0	0	0
71775	0	0	1	0	0	0	0
71800	0	0	1	0	0	0	0
71825	0	0	1	0	0	0	0
71850	0	0	1	0	0	0	0
71875	0	0	1	0	0	0	0
71900	0	0	1	0	0	0	0
71925	0	0	1	0	0	0	0
71950	0	0	1	0	0	0	0
71975	0	0	1	0	0	0	0
72000	0	0	1	0	0	0	0
72025	0	0	1	0	0	0	0
72050	0	0	1	0	0	0	0
72075	0	0	1	0	0	0	0
72100	0	0	1	0	0	0	0
72125	0	0	1	0	0	0	0
72150	0	0	1	0	0	0	0
72175	0	0	1	0	0	0	0
72200	0	0	1	0	0	0	0
72225	0	0	1	0	0	0	0
72250	0	0	1	0	0	0	0
72275	0	0	1	0	0	0	0
72300	0	0	1	0	0	0	0
72325	0	0	1	0	0	0	0
72350	0	0	1	0	0	0	0
72375	0	0	1	0	0	0	0
72400	0	0	1	0	0	0	0
72425	0	0	1	0	0	0	0
72450	0	0	1	0	0	0	0
72475	0	0	1	0	0	0	0
72500	0	0	1	0	0	0	0
72525	0	0	1	0	0	0	0
72550	0	0	1	0	0	0	0
72575	0	0	1	0	0	0	0
72600	0	0	1	0	0	0	0
72625	0	0	1	0	0	0	0
72650	0	0	1	0	0	0	0
72675	0	0	1	0	0	0	0
72700	0	0	1	0	0	0	0
72725	0	0	1	0	0	0	0
72750	0	0	1	0	0	0	0
72775	0	0	1	0	0	0	0
72800	0	0	1	0	0	0	0
72825	0	0	1	0	0	0	0
72850	0	0	1	0	0	0	0
72875	0	0	1	0	0	0	0
72900	0	0	1	0	0	0	0
72925	0	0	1	0	0	0	0
72950	0	0	1	0	0	0	0
72975	0	0	1	0	0	0	0
73000	0	0	1	0	0	0	0
73025	0	0	1	0	0	0	0
73050	0	0	1	0	0	0	0
73075	0	0	1	0	0	0	0
73100	0	0	1	0	0	0	0
73125	0	0	1	0	0	0	0
73150	0	0	1	0	0	0	0
73175	0	0	1	0	0	0	0
73200	0	0	1	0	0	0	0
73225	0	0	1	0	0	0	0
73250	0	0	1	0	0	0	0
73275	0	0	1	0	0	0	0
73300	0	0	1	0	0	0	0
73325	0	0	1	0	0	0	0
73350	0	0	1	0	0	0	0
73375	0	0	1	0	0	0	0
73400	0	0	1	0	0	0	0
73425	1	0	1	0	0	0	0
73450	1	0	1	0	0	0	0
73475	1	0	1	0	0	0	0
73500	1	0	1	0	0	0	0
73525	1	0	1	0	0	0	0
73550	1	0	1	0	0	0	0
73575	1	0	1	0	0	0	0
73600	1	0	1	0	0	0	0
73625	1	0	1	0	0	0	0
73650	1	0	1	0	0	0	0
73675	0	0	1	0	0	0	0
73700	0	0	1	0	0	0	0
73725	1	0	1	0	0	0	0
73750	1	0	1	0	0	0	0
73775	1	0	1	0	0	0	0
73800	1	0	1	0	0	0	0
73825	1	0	1	0	0	0	0
73850	1	0	1	0	0	0	0
73875	1	0	1	0	0	0	0
73900	1	0	1	0	0	0	0
73925	1	0	1	0	0	0	0
73950	1	0	1	0	0	0	0
73975	1	0	1	0	0	0	0
74000	1	0	1	0	0	0	0
74025	1	0	1	0	0	0	0
74050	1	0	1	0	0	0	0
74075	1	0	1	0	0	0	0
74100	1	0	1	0	0	0	0
74125	1	0	1	0	0	0	0
74150	1	0	1	0	0	0	0
74175	1	0	1	0	0	0	0
74200	1	0	1	0	0	0	0
74225	1	0	1	0	0	0	0
74250	1	0	1	0	0	0	0
74275	1	0	1	0	0	0	0
74300	1	0	1	0	0	0	0
74325	1	0	1	0	0	0	0
74350	1	0	1	0	0	0	0
74375	1	0	1	0	0	0	0
74400	1	0	1	0	0	0	0
74425	1	0	1	0	0	0	0
74450	1	0	1	0	0	0	0
74475	1	0	1	0	0	0	0
74500	1	0	1	0	0	0	0
74525	1	0	1	0	0	0	0
74550	1	0	1	0	0	0	0
74575	1	0	1	0	0	0	0
74600	0	0	1	0	0	0	0
74625	0	0	1	0	0	0	0
74650	1	0	1	0	0	0	0
74675	1	0	1	0	0	0	0
74700	1	0	1	0	0	0	0
74725	0	0	1	0	0	0	0
74750	0	0	1	0	0	0	0
74775	1	0	1	0	0	0	0
74800	1	0	1	0	0	0	0
74825	1	0	1	0	0	0	0
74850	0	0	1	0	0	0	0
74875	0	0	1	0	0	0	0
74900	1	0	1	0	0	0	0
74925	1	0	1	0	0	0	0
74950	1	0	1	0	0	0	0
74975	1	0	1	0	0	0	0
75000	1	0	1	0	0	0	0
75025	1	0	1	0	0	0	0
75050	1	0	1	0	0	0	0
75075	1	0	1	0	0	0	0
75100	1	0	1	0	0	0	0
75125	0	0	1	0	0	0	0
75150	0	0	1	0	0	0	0
75175	1	0	1	0	0	0	0
75200	1	0	1	0	0	0	0
75225	0	0	1	0	0	0	0
75250	1	0	1	0	0	0	0
75275	1	0	1	0	0	0	0
75300	1	0	1	0	0	0	0
75325	1	0	1	0	0	0	0
75350	1	0	1	0	0	0	0
75375	1	0	1	0	0	0	0
75400	0	0	1	0	0	0	0
75425	0	0	1	0	0	0	0
75450	0	0	1	0	0	0	0
75475	1	0	1	0	0	0	0
75500	1	0	1	0	0	0	0
75525	1	0	1	0	0	0	0
75550	1	0	1	0	0	0	0
75575	1	0	1	0	0	0	0
75600	1	0	1	0	0	0	0
75625	0	0	1	0	0	0	0
75650	0	0	1	0	0	0	0
75675	0	0	1	0	0	0	0
75700	0	0	1	0	0	0	0
75725	0	0	1	0	0	0	0
75750	1	0	1	0	0	0	0
75775	1	0	1	0	0	0	0
75800	1	0	1	0	0	0	0
75825	1	0	1	0	0	0	0
75850	0	0	1	0	0	0	0
75875	0	0	1	0	0	0	0
75900	0	0	1	0	0	0	0
75925	0	0	1	0	0	0	0
75950	0	0	1	0	0	0	0
75975	0	0	1	0	0	0	0
76000	0	0	1	0	0	0	0
76025	0	0	1	0	0	0	0
76050	0	0	1	0	0	0	0
76075	0	0	1	0	0	0	0
76100	0	0	1	0	0	0	0
76125	0	0	1	0	0	0	0
76150	1	0	0	0	0	0	0
76175	0	0	1	0	0	0	0
76200	0	0	1	0	0	0	0
76225	1	0	1	0	0	0	0
76250	1	0	1	0	0	0	0
76275	1	0	1	0	0	0	0
76300	1	0	1	0	0	0	0
76325	1	0	1	0	0	0	0
76350	0	0	1	0	0	0	0
76375	1	0	1	0	0	0	0
76400	1	0	1	0	0	0	0
76425	1	0	1	0	0	0	0
76450	1	0	1	0	0	0	0
76475	1	0	1	0	0	0	0
76500	1	0	1	0	0	0	0
76525	1	0	1	0	0	0	0
76550	1	0	1	0	0	0	0
76575	1	0	1	0	0	0	0
76600	1	0	1	0	0	0	0
76625	0	0	1	0	0	0	0
76650	1	0	1	0	0	0	0
76675	0	0	1	0	0	0	0
76700	0	0	1	0	0	0	0
76725	0	0	1	0	0	0	0
76750	0	0	1	0	0	0	0
76775	0	0	1	0	0	0	0
76800	0	0	1	0	0	0	0
76825	0	0	1	0	0	0	0
76850	0	0	1	0	0	0	0
76875	0	0	1	0	0	0	0
76900	0	0	1	0	0	0	0
76925	0	0	1	0	0	0	0
76950	0	0	1	0	0	0	0
76975	0	0	1	0	0	0	0
77000	0	0	1	0	0	0	0
77025	0	0	1	0	0	0	0
77050	0	0	1	0	0	0	0
77075	0	0	1	0	0	0	0
77100	0	0	1	0	0	0	0
77125	0	0	1	0	0	0	0
77150	0	0	1	0	0	0	0
77175	0	0	1	0	0	0	0
77200	0	0	1	0	0	0	0
77225	0	0	1	0	0	0	0
77250	0	0	1	0	0	0	0
77275	0	0	1	0	0	0	0
77300	0	0	1	0	0	0	0
77325	0	0	1	0	0	0	0
77350	0	0	1	0	0	0	0
77375	0	0	1	0	0	0	0
77400	0	0	1	0	0	0	0
77425	0	0	1	0	0	0	0
77450	0	0	1	0	0	0	0
77475	0	0	1	0	0	0	0
77500	0	0	1	0	0	0	0
77525	0	0	1	0	0	0	0
77550	0	0	1	0	0	0	0
77575	0	0	1	0	0	0	0
77600	1	0	0	0	0	0	0
77625	0	0	0	0	0	0	0
77650	0	0	0	0	0	0	0
77675	0	0	1	0	0	0	0
77700	0	0	1	0	0	0	0
77725	0	0	1	0	0	0	0
77750	1	0	1	0	0	0	0
77775	1	0	0	0	0	0	0
77800	1	0	0	0	0	0	0
77825	1	0	1	0	0	0	0
77850	1	0	1	0	0	0	0
77875	1	0	1	0	0	0	0
77900	1	0	1	0	0	0	0
77925	0	0	1	0	0	0	0
77950	0	0	1	0	0	0	0
77975	0	0	1	0	0	0	0
78000	0	0	1	0	0	0	0
78025	0	0	1	0	0	0	0
78050	0	0	1	0	0	0	0
78075	0	0	1	0	0	0	0
78100	0	0	1	0	0	0	0
78125	0	0	1	0	0	0	0
78150	0	0	1	0	0	0	0
78175	0	0	1	0	0	0	0
78200	0	0	1	0	0	0	0
78225	0	0	1	0	0	0	0
78250	0	0	1	0	0	0	0
78275	1	0	1	0	0	0	0
78300	1	0	1	0	0	0	0
78325	1	0	1	0	0	0	0
78350	1	0	1	0	0	0	0
78375	1	0	1	0	0	0	0
78400	1	0	1	0	0	0	0
78425	1	0	1	0	0	0	0
78450	1	0	1	0	0	0	0
78475	1	0	1	0	0	0	0
78500	1	0	1	0	0	0	0
78525	1	0	1	0	0	0	0
78550	0	0	1	0	0	0	0
78575	1	0	1	0	0	0	0
78600	1	0	1	0	0	0	0
78625	1	0	1	0	0	0	0
78650	1	0	1	0	0	0	0
78675	1	0	1	0	0	0	0
78700	1	0	1	0	0	0	0
78725	1	0	1	0	0	0	0
78750	1	0	0	0	0	0	0
78775	1	0	0	0	0	0	0
78800	1	0	0	0	0	0	0
78825	1	0	0	0	0	0	0
78850	1	0	0	0	0	0	0
78875	1	0	0	0	0	0	0
78900	1	0	0	0	0	0	0
78925	1	0	0	0	0	0	0
78950	1	0	0	0	0	0	0
78975	1	0	0	0	0	0	0
79000	1	0	0	0	0	0	0
79025	1	0	0	0	0	0	0
79050	1	0	0	0	0	0	0
79075	1	0	0	0	0	0	0
79100	1	0	0	0	0	0	0
79125	1	0	0	0	0	0	0
79150	1	0	0	0	0	0	0
79175	1	0	0	0	0	0	0
79200	1	0	0	0	0	0	0
79225	1	0	1	0	0	0	0
79250	1	0	1	0	0	0	0
79275	1	0	1	0	0	0	0
79300	1	0	1	0	0	0	0
79325	1	0	1	0	0	0	0
79350	1	0	1	0	0	0	0
79375	0	0	1	0	0	0	0
79400	0	0	1	0	0	0	0
79425	0	0	1	0	0	0	0
79450	0	0	1	0	0	0	0
79475	1	0	1	0	0	0	0
79500	1	0	1	0	0	0	0
79525	1	0	1	0	0	0	0
79550	1	0	1	0	0	0	0
79575	0	0	1	0	0	0	0
79600	0	0	1	0	0	0	0
79625	0	0	1	0	0	0	0
79650	0	0	1	0	0	0	0
79675	0	0	1	0	0	0	0
79700	0	0	1	0	0	0	0
79725	0	0	1	0	0	0	0
79750	0	0	1	0	0	0	0
79775	0	0	1	0	0	0	0
79800	0	0	1	0	0	0	0
79825	0	0	1	0	0	0	0
79850	0	0	1	0	0	0	0
79875	0	0	1	0	0	0	0
79900	0	0	1	0	0	0	0
79925	0	0	1	0	0	0	0
79950	0	0	1	0	0	0	0
79975	0	0	1	0	0	0	0
80000	0	0	1	0	0	0	0
80025	0	0	1	0	0	0	0
80050	0	0	1	0	0	0	0
80075	1	0	0	0	0	0	0
80100	0	0	1	0	0	0	0
80125	0	0	1	0	0	0	0
80150	0	0	1	0	0	0	0
80175	0	0	1	0	0	0	0
80200	0	0	1	0	0	0	0
80225	0	0	1	0	0	0	0
80250	0	0	1	0	0	0	0
80275	0	0	1	0	0	0	0
80300	0	0	1	0	0	0	0
80325	0	0	1	0	0	0	0
80350	0	0	1	0	0	0	0
80375	0	0	1	0	0	0	0
80400	0	0	1	0	0	0	0
80425	0	0	1	0	0	0	0
80450	0	0	1	0	0	0	0
80475	0	0	1	0	0	0	0
80500	0	0	1	0	0	0	0
80525	0	0	1	0	0	0	0
80550	0	0	1	0	0	0	0
80575	0	0	1	0	0	0	0
80600	0	0	1	0	0	0	0
80625	0	0	1	0	0	0	0
80650	0	0	1	0	0	0	0
80675	0	0	1	0	0	0	0
80700	0	0	1	0	0	0	0
80725	0	0	1	0	0	0	0
80750	0	0	1	0	0	0	0
80775	0	0	1	0	0	0	0
80800	0	0	1	0	0	0	0
80825	0	0	1	0	0	0	0
80850	0	0	1	0	0	0	0
80875	0	0	1	0	0	0	0
80900	0	0	1	0	0	0	0
80925	0	0	1	0	0	0	0
80950	0	0	0	0	0	0	0
80975	0	0	1	0	0	0	0
81000	0	0	1	0	0	0	0
81025	0	0	1	0	0	0	0
81050	0	0	1	0	0	0	0
81075	0	0	1	0	0	0	0
81100	0	0	1	0	0	0	0
81125	0	0	1	0	0	0	0
81150	0	0	1	0	0	0	0
81175	0	0	1	0	0	0	0
81200	0	0	1	0	0	0	0
81225	0	0	1	0	0	0	0
81250	0	0	1	0	0	0	0
81275	0	0	1	0	0	0	0
81300	0	0	1	0	0	0	0
81325	0	0	1	0	0	0	0
81350	0	0	1	0	0	0	0
81375	0	0	1	0	0	0	0
81400	0	0	1	0	0	0	0
81425	0	0	1	0	0	0	0
81450	0	0	1	0	0	0	0
81475	0	0	1	0	0	0	0
81500	0	0	1	0	0	0	0
81525	0	0	1	0	0	0	0
81550	0	0	1	0	0	0	0
81575	0	0	1	0	0	0	0
81600	0	0	1	0	0	0	0
81625	0	0	1	0	0	0	0
81650	0	0	1	0	0	0	0
81675	0	0	1	0	0	0	0
81700	0	0	1	0	0	0	0
81725	0	0	1	0	0	0	0
81750	0	0	1	0	0	0	0
81775	0	0	1	0	0	0	0
81800	1	0	1	0	0	0	0
81825	1	0	1	0	0	0	0
81850	1	0	1	0	0	0	0
81875	0	0	1	0	0	0	0
81900	0	0	1	0	0	0	0
81925	0	0	1	0	0	0	0
81950	0	0	1	0	0	0	0
81975	0	0	1	0	0	0	0
82000	0	0	1	0	0	0	0
82025	0	0	1	0	0	0	0
82050	0	0	1	0	0	0	0
82075	0	0	1	0	0	0	0
82100	0	0	1	0	0	0	0
82125	0	0	0	0	0	0	0
82150	0	0	1	0	0	0	0
82175	0	0	1	0	0	0	0
82200	1	0	1	0	0	0	0
82225	1	0	1	0	0	0	0
82250	1	0	1	0	0	0	0
82275	0	0	1	0	0	0	0
82300	0	0	1	0	0	0	0
82325	0	0	1	0	0	0	0
82350	0	0	1	0	0	0	0
82375	0	0	1	0	0	0	0
82400	0	0	1	0	0	0	0
82425	0	0	1	0	0	0	0
82450	1	0	1	0	0	0	0
82475	1	0	1	0	0	0	0
82500	1	0	1	0	0	0	0
82525	1	0	1	0	0	0	0
82550	1	0	1	0	0	0	0
82575	1	0	1	0	0	0	0
82600	1	0	1	0	0	0	0
82625	1	0	1	0	0	0	0
82650	0	0	1	0	0	0	0
82675	0	0	1	0	0	0	0
82700	0	0	1	0	0	0	0
82725	1	0	1	0	0	0	0
82750	1	0	1	0	0	0	0
82775	1	0	1	0	0	0	0
82800	1	0	1	0	0	0	0
82825	1	0	1	0	0	0	0
82850	1	0	1	0	0	0	0
82875	1	0	1	0	0	0	0
82900	1	0	1	0	0	0	0
82925	1	0	1	0	0	0	0
82950	1	0	1	0	0	0	0
82975	1	0	1	0	0	0	0
83000	1	0	1	0	0	0	0
83025	1	0	1	0	0	0	0
83050	1	0	1	0	0	0	0
83075	1	0	1	0	0	0	0
83100	1	0	1	0	0	0	0
83125	1	0	1	0	0	0	0
83150	1	0	1	0	0	0	0
83175	1	0	1	0	0	0	0
83200	1	0	1	0	0	0	0
83225	1	0	1	0	0	0	0
83250	0	0	1	0	0	0	0
83275	0	0	1	0	0	0	0
83300	1	0	1	0	0	0	0
83325	1	0	1	0	0	0	0
83350	1	0	1	0	0	0	0
83375	0	0	1	0	0	0	0
83400	1	0	0	0	0	0	0
83425	1	0	0	0	0	0	0
83450	0	0	0	0	0	0	0
83475	0	0	0	0	0	0	0
83500	1	0	1	0	0	0	0
83525	1	0	1	0	0	0	0
83550	1	0	1	0	0	0	0
83575	1	0	1	0	0	0	0
83600	1	0	0	0	0	0	0
83625	1	0	1	0	0	0	0
83650	1	0	1	0	0	0	0
83675	1	0	1	0	0	0	0
83700	0	0	1	0	0	0	0
83725	0	0	1	0	0	0	0
83750	0	0	1	0	0	0	0
83775	0	0	1	0	0	0	0
83800	0	0	1	0	0	0	0
83825	0	0	1	0	0	0	0
83850	0	0	1	0	0	0	0
83875	0	0	1	0	0	0	0
83900	0	0	1	0	0	0	0
83925	0	0	1	0	0	0	0
83950	0	0	1	0	0	0	0
83975	0	0	1	0	0	0	0
84000	0	0	1	0	0	0	0
84025	0	0	1	0	0	0	0
84050	0	0	1	0	0	0	0
84075	0	0	1	0	0	0	0
84100	0	0	1	0	0	0	0
84125	0	0	1	0	0	0	0
84150	0	0	1	0	0	0	0
84175	0	0	1	0	0	0	0
84200	0	0	1	0	0	0	0
84225	0	0	1	0	0	0	0
84250	0	0	1	0	0	0	0
84275	0	0	1	0	0	0	0
84300	0	0	1	0	0	0	0
84325	0	0	1	0	0	0	0
84350	0	0	1	0	0	0	0
84375	0	0	1	0	0	0	0
84400	0	0	1	0	0	0	0
84425	0	0	1	0	0	0	0
84450	0	0	1	0	0	0	0
84475	0	0	1	0	0	0	0
84500	0	0	1	0	0	0	0
84525	0	0	1	0	0	0	0
84550	0	0	1	0	0	0	0
84575	0	0	1	0	0	0	0
84600	0	0	1	0	0	0	0
84625	0	0	1	0	0	0	0
84650	0	0	1	0	0	0	0
84675	0	0	1	0	0	0	0
84700	0	0	1	0	0	0	0
84725	0	0	1	0	0	0	0
84750	0	0	1	0	0	0	0
84775	0	0	1	0	0	0	0
84800	0	0	1	0	0	0	0
84825	0	0	1	0	0	0	0
84850	0	0	1	0	0	0	0
84875	0	0	1	0	0	0	0
84900	0	0	1	0	0	0	0
84925	0	0	0	0	0	0	0
84950	0	0	1	0	0	0	0
84975	0	0	1	0	0	0	0
85000	0	0	1	0	0	0	0
85025	0	0	1	0	0	0	0
85050	0	0	1	0	0	0	0
85075	0	0	1	0	0	0	0
85100	0	0	1	0	0	0	0
85125	0	0	1	0	0	0	0
85150	0	0	1	0	0	0	0
85175	0	0	1	0	0	0	0
85200	0	0	1	0	0	0	0
85225	0	0	1	0	0	0	0
85250	0	0	1	0	0	0	0
85275	0	0	1	0	0	0	0
85300	0	0	1	0	0	0	0
85325	0	0	1	0	0	0	0
85350	0	0	1	0	0	0	0
85375	0	0	1	0	0	0	0
85400	0	0	1	0	0	0	0
85425	0	0	1	0	0	0	0
85450	0	0	1	0	0	0	0
85475	0	0	1	0	0	0	0
85500	0	0	1	0	0	0	0
85525	1	0	1	0	0	0	0
85550	1	0	1	0	0	0	0
85575	1	0	1	0	0	0	0
85600	1	0	1	0	0	0	0
85625	0	0	1	0	0	0	0
85650	0	0	1	0	0	0	0
85675	1	0	1	0	0	0	0
85700	0	0	1	0	0	0	0
85725	1	0	1	0	0	0	0
85750	1	0	1	0	0	0	0
85775	1	0	1	0	0	0	0
85800	0	0	0	0	0	0	0
85825	1	0	0	0	0	0	0
85850	1	0	0	0	0	0	0
85875	0	0	1	0	0	0	0
85900	0	0	0	0	0	0	0
85925	0	0	1	0	0	0	0
85950	0	0	1	0	0	0	0
85975	0	0	1	0	0	0	0
86000	0	0	1	0	0	0	0
86025	0	0	1	0	0	0	0
86050	0	0	1	0	0	0	0
86075	0	0	1	0	0	0	0
86100	0	0	1	0	0	0	0
86125	0	0	1	0	0	0	0
86150	0	0	1	0	0	0	0
86175	0	0	1	0	0	0	0
86200	0	0	1	0	0	0	0
86225	0	0	1	0	0	0	0
86250	0	0	1	0	0	0	0
86275	0	0	1	0	0	0	0
86300	0	0	1	0	0	0	0
86325	0	0	1	0	0	0	0
86350	0	0	1	0	0	0	0
86375	0	0	1	0	0	0	0
86400	0	0	1	0	0	0	0
86425	0	0	1	0	0	0	0
86450	0	0	1	0	0	0	0
86475	0	0	1	0	0	0	0
86500	0	0	1	0	0	0	0
86525	0	0	1	0	0	0	0
86550	0	0	1	0	0	0	0
86575	0	0	1	0	0	0	0
86600	0	0	1	0	0	0	0
86625	0	0	1	0	0	0	0
86650	0	0	1	0	0	0	0
86675	0	0	1	0	0	0	0
86700	0	0	1	0	0	0	0
86725	0	0	1	0	0	0	0
86750	0	0	1	0	0	0	0
86775	0	0	1	0	0	0	0
86800	0	0	1	0	0	0	0
86825	0	0	1	0	0	0	0
86850	0	0	1	0	0	0	0
86875	0	0	1	0	0	0	0
86900	0	0	1	0	0	0	0
86925	0	0	1	0	0	0	0
86950	0	0	1	0	0	0	0
86975	0	0	1	0	0	0	0
87000	0	0	1	0	0	0	0
87025	0	0	1	0	0	0	0
87050	0	0	1	0	0	0	0
87075	0	0	1	0	0	0	0
87100	0	0	1	0	0	0	0
87125	0	0	1	0	0	0	0
87150	0	0	1	0	0	0	0
87175	0	0	1	0	0	0	0
87200	0	0	1	0	0	0	0
87225	0	0	1	0	0	0	0
87250	0	0	1	0	0	0	0
87275	0	0	1	0	0	0	0
87300	0	0	1	0	0	0	0
87325	0	0	1	0	0	0	0
87350	0	0	1	0	0	0	0
87375	0	0	1	0	0	0	0
87400	0	0	1	0	0	0	0
87425	0	0	1	0	0	0	0
87450	0	0	1	0	0	0	0
87475	0	0	1	0	0	0	0
87500	0	0	1	0	0	0	0
87525	0	0	1	0	0	0	0
87550	0	0	1	0	0	0	0
87575	0	0	1	0	0	0	0
87600	0	0	1	0	0	0	0
87625	0	0	1	0	0	0	0
87650	0	0	1	0	0	0	0
87675	0	0	1	0	0	0	0
87700	0	0	1	0	0	0	0
87725	0	0	1	0	0	0	0
87750	0	0	1	0	0	0	0
87775	0	0	1	0	0	0	0
87800	0	0	1	0	0	0	0
87825	0	0	1	0	0	0	0
87850	0	0	1	0	0	0	0
87875	0	0	1	0	0	0	0
87900	0	0	1	0	0	0	0
87925	0	0	1	0	0	0	0
87950	0	0	1	0	0	0	0
87975	1	0	1	0	0	0	0
88000	1	0	1	0	0	0	0
88025	0	0	1	0	0	0	0
88050	0	0	1	0	0	0	0
88075	0	0	1	0	0	0	0
88100	0	0	1	0	0	0	0
88125	0	0	1	0	0	0	0
88150	0	0	1	0	0	0	0
88175	0	0	1	0	0	0	0
88200	0	0	1	0	0	0	0
88225	0	0	1	0	0	0	0
88250	0	0	1	0	0	0	0
88275	0	0	1	0	0	0	0
88300	0	0	0	0	0	0	0
88325	0	0	1	0	0	0	0
88350	0	0	1	0	0	0	0
88375	0	0	1	0	0	0	0
88400	0	0	1	0	0	0	0
88425	0	0	1	0	0	0	0
88450	0	0	1	0	0	0	0
88475	0	0	1	0	0	0	0
88500	0	0	1	0	0	0	0
88525	0	0	1	0	0	0	0
88550	0	0	1	0	0	0	0
88575	0	0	1	0	0	0	0
88600	0	0	1	0	0	0	0
88625	0	0	1	0	0	0	0
88650	0	0	1	0	0	0	0
88675	0	0	1	0	0	0	0
88700	0	0	1	0	0	0	0
88725	0	0	1	0	0	0	0
88750	0	0	1	0	0	0	0
88775	0	0	1	0	0	0	0
88800	0	0	1	0	0	0	0
88825	0	0	1	0	0	0	0
88850	0	0	1	0	0	0	0
88875	0	0	1	0	0	0	0
88900	0	0	1	0	0	0	0
88925	0	0	1	0	0	0	0
88950	0	0	1	0	0	0	0
88975	0	0	1	0	0	0	0
89000	0	0	1	0	0	0	0
89025	0	0	1	0	0	0	0
89050	0	0	1	0	0	0	0
89075	0	0	1	0	0	0	0
89100	0	0	1	0	0	0	0
89125	0	0	1	0	0	0	0
89150	0	0	1	0	0	0	0
89175	0	0	1	0	0	0	0
89200	0	0	1	0	0	0	0
89225	0	0	1	0	0	0	0
89250	0	0	1	0	0	0	0
89275	0	0	1	0	0	0	0
89300	0	0	1	0	0	0	0
89325	0	0	1	0	0	0	0
89350	0	0	1	0	0	0	0
89375	0	0	1	0	0	0	0
89400	0	0	1	0	0	0	0
89425	0	0	1	0	0	0	0
89450	0	0	1	0	0	0	0
89475	0	0	1	0	0	0	0
89500	0	0	1	0	0	0	0
89525	0	0	1	0	0	0	0
89550	0	0	1	0	0	0	0
89575	0	0	1	0	0	0	0
89600	0	0	1	0	0	0	0
89625	0	0	1	0	0	0	0
89650	0	0	1	0	0	0	0
89675	0	0	1	0	0	0	0
89700	0	0	1	0	0	0	0
89725	0	0	1	0	0	0	0
89750	0	0	1	0	0	0	0
89775	0	0	1	0	0	0	0
89800	0	0	1	0	0	0	0
89825	0	0	1	0	0	0	0
89850	0	0	1	0	0	0	0
89875	0	0	1	0	0	0	0
89900	0	0	1	0	0	0	0
89925	0	0	1	0	0	0	0
89950	0	0	1	0	0	0	0
89975	0	0	1	0	0	0	0
90000	0	0	1	0	0	0	0
90025	0	0	1	0	0	0	0
90050	0	0	1	0	0	0	0
90075	0	0	1	0	0	0	0
90100	0	0	1	0	0	0	0
90125	0	0	1	0	0	0	0
90150	0	0	1	0	0	0	0
90175	0	0	1	0	0	0	0
90200	0	0	1	0	0	0	0
90225	0	0	1	0	0	0	0
90250	0	0	1	0	0	0	0
90275	0	0	1	0	0	0	0
90300	0	0	1	0	0	0	0
90325	0	0	1	0	0	0	0
90350	0	0	1	0	0	0	0
90375	0	0	1	0	0	0	0
90400	0	0	1	0	0	0	0
90425	0	0	1	0	0	0	0
90450	0	0	1	0	0	0	0
90475	0	0	1	0	0	0	0
90500	0	0	1	0	0	0	0
90525	0	0	1	0	0	0	0
90550	0	0	1	0	0	0	0
90575	0	0	1	0	0	0	0
90600	0	0	1	0	0	0	0
90625	0	0	1	0	0	0	0
90650	0	0	1	0	0	0	0
90675	0	0	1	0	0	0	0
90700	0	0	1	0	0	0	0
90725	0	0	1	0	0	0	0
90750	0	0	1	0	0	0	0
90775	0	0	1	0	0	0	0
90800	0	0	1	0	0	0	0
90825	0	0	1	0	0	0	0
90850	0	0	1	0	0	0	0
90875	0	0	1	0	0	0	0
90900	0	0	1	0	0	0	0
90925	0	0	1	0	0	0	0
90950	0	0	1	0	0	0	0
90975	0	0	1	0	0	0	0
91000	0	0	1	0	0	0	0
91025	0	0	1	0	0	0	0
91050	0	0	1	0	0	0	0
91075	1	0	1	0	0	0	0
91100	1	0	1	0	0	0	0
91125	0	0	1	0	0	0	0
91150	0	0	1	0	0	0	0
91175	0	0	1	0	0	0	0
91200	0	0	1	0	0	0	0
91225	0	0	1	0	0	0	0
91250	0	0	1	0	0	0	0
91275	0	0	1	0	0	0	0
91300	0	0	1	0	0	0	0
91325	0	0	1	0	0	0	0
91350	0	0	0	0	0	0	0
91375	0	0	0	0	0	0	0
91400	0	0	0	0	0	0	0
91425	0	0	0	0	0	0	0
91450	0	0	1	0	0	0	0
91475	0	0	1	0	0	0	0
91500	0	0	1	0	0	0	0
91525	0	0	1	0	0	0	0
91550	0	0	1	0	0	0	0
91575	0	0	1	0	0	0	0
91600	0	0	1	0	0	0	0
91625	0	0	1	0	0	0	0
91650	0	0	1	0	0	0	0
91675	0	0	1	0	0	0	0
91700	0	0	1	0	0	0	0
91725	0	0	1	0	0	0	0
91750	0	0	1	0	0	0	0
91775	0	0	1	0	0	0	0
91800	0	0	1	0	0	0	0
91825	0	0	1	0	0	0	0
91850	0	0	1	0	0	0	0
91875	0	0	1	0	0	0	0
91900	0	0	1	0	0	0	0
91925	0	0	1	0	0	0	0
91950	0	0	1	0	0	0	0
91975	0	0	1	0	0	0	0
92000	0	0	1	0	0	0	0
92025	0	0	1	0	0	0	0
92050	0	0	1	0	0	0	0
92075	0	0	1	0	0	0	0
92100	0	0	1	0	0	0	0
92125	0	0	1	0	0	0	0
92150	0	0	1	0	0	0	0
92175	0	0	1	0	0	0	0
92200	0	0	1	0	0	0	0
92225	0	0	1	0	0	0	0
92250	0	0	1	0	0	0	0
92275	0	0	1	0	0	0	0
92300	0	0	1	0	0	0	0
92325	0	0	1	0	0	0	0
92350	0	0	1	0	0	0	0
92375	0	0	1	0	0	0	0
92400	0	0	1	0	0	0	0
92425	0	0	1	0	0	0	0
92450	0	0	1	0	0	0	0
92475	0	0	1	0	0	0	0
92500	1	0	1	0	0	0	0
92525	1	0	0	0	0	0	0
92550	1	0	0	0	0	0	0
92575	0	0	0	0	0	0	0
92600	0	0	0	0	0	0	0
92625	0	0	0	0	0	0	0
92650	0	0	0	0	0	0	0
92675	0	0	0	0	0	0	0
92700	0	0	0	0	0	0	0
92725	0	0	0	0	0	0	0
92750	0	0	0	0	0	0	0
92775	0	0	0	0	0	0	0
92800	0	0	0	0	0	0	0
92825	0	0	0	0	0	0	0
92850	0	0	0	0	0	0	0
92875	0	0	0	0	0	0	0
92900	0	0	0	0	0	0	0
92925	0	0	0	0	0	0	0
92950	1	0	0	0	0	0	0
92975	0	0	0	0	0	0	0
93000	0	0	0	0	0	0	0
93025	0	0	0	0	0	0	0
93050	0	0	0	0	0	0	0
93075	0	0	0	0	0	0	0
93100	1	0	0	0	0	0	0
93125	1	0	0	0	0	0	0
93150	1	0	0	0	0	0	0
93175	1	0	0	0	0	0	0
93200	1	0	0	0	0	0	0
93225	0	0	0	0	0	0	0
93250	1	0	0	0	0	0	0
93275	0	0	1	0	0	0	0
93300	1	0	1	0	0	0	0
93325	0	0	1	0	0	0	0
93350	0	0	1	0	0	0	0
93375	0	0	1	0	0	0	0
93400	0	0	1	0	0	0	0
93425	0	0	1	0	0	0	0
93450	0	0	1	0	0	0	0
93475	1	0	0	0	0	0	0
93500	1	0	1	0	0	0	0
93525	1	0	1	0	0	0	0
93550	1	0	1	0	0	0	0
93575	1	0	1	0	0	0	0
93600	1	0	1	0	0	0	0
93625	1	0	1	0	0	0	0
93650	1	0	1	0	0	0	0
93675	1	0	1	0	0	0	0
93700	1	0	1	0	0	0	0
93725	1	0	1	0	0	0	0
93750	1	0	1	0	0	0	0
93775	1	0	1	0	0	0	0
93800	1	0	1	0	0	0	0
93825	1	0	1	0	0	0	0
93850	1	0	1	0	0	0	0
93875	1	0	1	0	0	0	0
93900	1	0	1	0	0	0	0
93925	1	0	1	0	0	0	0
93950	1	0	1	0	0	0	0
93975	0	0	1	0	0	0	0
94000	0	0	1	0	0	0	0
94025	0	0	1	0	0	0	0
94050	0	0	1	0	0	0	0
94075	0	0	1	0	0	0	0
94100	0	0	1	0	0	0	0
94125	0	0	1	0	0	0	0
94150	0	0	1	0	0	0	0
94175	0	0	1	0	0	0	0
94200	1	0	1	0	0	0	0
94225	1	0	1	0	0	0	0
94250	1	0	1	0	0	0	0
94275	1	0	1	0	0	0	0
94300	0	0	1	0	0	0	0
94325	0	0	1	0	0	0	0
94350	0	0	1	0	0	0	0
94375	0	0	1	0	0	0	0
94400	0	0	1	0	0	0	0
94425	0	0	1	0	0	0	0
94450	0	0	1	0	0	0	0
94475	0	0	1	0	0	0	0
94500	0	0	1	0	0	0	0
94525	0	0	1	0	0	0	0
94550	0	0	1	0	0	0	0
94575	1	0	1	0	0	0	0
94600	1	0	1	0	0	0	0
94625	1	0	1	0	0	0	0
94650	1	0	1	0	0	0	0
94675	1	0	1	0	0	0	0
94700	1	0	0	0	0	0	0
94725	1	0	1	0	0	0	0
94750	1	0	1	0	0	0	0
94775	1	0	1	0	0	0	0
94800	1	0	1	0	0	0	0
94825	1	0	1	0	0	0	0
94850	1	0	1	0	0	0	0
94875	1	0	1	0	0	0	0
94900	1	0	1	0	0	0	0
94925	1	0	1	0	0	0	0
94950	0	0	1	0	0	0	0
94975	0	0	1	0	0	0	0
95000	0	0	1	0	0	0	0
95025	0	0	1	0	0	0	0
95050	0	0	1	0	0	0	0
95075	0	0	1	0	0	0	0
95100	0	0	1	0	0	0	0
95125	0	0	1	0	0	0	0
95150	1	0	0	0	0	0	0
95175	1	0	0	0	0	0	0
95200	0	0	1	0	0	0	0
95225	1	0	1	0	0	0	0
95250	1	0	1	0	0	0	0
95275	0	0	1	0	0	0	0
95300	0	0	1	0	0	0	0
95325	1	0	1	0	0	0	0
95350	1	0	1	0	0	0	0
95375	1	0	1	0	0	0	0
95400	1	0	1	0	0	0	0
95425	1	0	1	0	0	0	0
95450	1	0	1	0	0	0	0
95475	1	0	1	0	0	0	0
95500	1	0	1	0	0	0	0
95525	1	0	1	0	0	0	0
95550	1	0	1	0	0	0	0
95575	1	0	1	0	0	0	0
95600	1	0	1	0	0	0	0
95625	1	0	1	0	0	0	0
95650	1	0	1	0	0	0	0
95675	1	0	1	0	0	0	0
95700	1	0	1	0	0	0	0
95725	0	0	1	0	0	0	0
95750	0	0	1	0	0	0	0
95775	1	0	1	0	0	0	0
95800	1	0	1	0	0	0	0
95825	1	0	1	0	0	0	0
95850	1	0	1	0	0	0	0
95875	0	0	1	0	0	0	0
95900	0	0	1	0	0	0	0
95925	0	0	1	0	0	0	0
95950	1	0	1	0	0	0	0
95975	1	0	1	0	0	0	0
96000	1	0	1	0	0	0	0
96025	1	0	1	0	0	0	0
96050	1	0	1	0	0	0	0
96075	1	0	1	0	0	0	0
96100	1	0	1	0	0	0	0
96125	1	0	1	0	0	0	0
96150	1	0	1	0	0	0	0
96175	1	0	1	0	0	0	0
96200	1	0	1	0	0	0	0
96225	1	0	1	0	0	0	0
96250	1	0	1	0	0	0	0
96275	1	0	1	0	0	0	0
96300	1	0	1	0	0	0	0
96325	1	0	1	0	0	0	0
96350	1	0	1	0	0	0	0
96375	1	0	1	0	0	0	0
96400	1	0	1	0	0	0	0
96425	1	0	1	0	0	0	0
96450	1	0	1	0	0	0	0
96475	1	0	1	0	0	0	0
96500	1	0	1	0	0	0	0
96525	1	0	1	0	0	0	0
96550	1	0	1	0	0	0	0
96575	1	0	1	0	0	0	0
96600	1	0	1	0	0	0	0
96625	1	0	1	0	0	0	0
96650	1	0	1	0	0	0	0
96675	1	0	1	0	0	0	0
96700	0	0	1	0	0	0	0
96725	1	0	1	0	0	0	0
96750	1	0	1	0	0	0	0
96775	1	0	1	0	0	0	0
96800	1	0	1	0	0	0	0
96825	1	0	1	0	0	0	0
96850	1	0	1	0	0	0	0
96875	1	0	1	0	0	0	0
96900	1	0	0	0	0	0	0
96925	1	0	1	0	0	0	0
96950	1	0	1	0	0	0	0
96975	1	0	1	0	0	0	0
97000	1	0	1	0	0	0	0
97025	1	0	1	0	0	0	0
97050	1	0	1	0	0	0	0
97075	1	0	1	0	0	0	0
97100	1	0	1	0	0	0	0
97125	1	0	1	0	0	0	0
97150	1	0	1	0	0	0	0
97175	1	0	1	0	0	0	0
97200	1	0	1	0	0	0	0
97225	1	0	1	0	0	0	0
97250	1	0	1	0	0	0	0
97275	1	0	1	0	0	0	0
97300	1	0	1	0	0	0	0
97325	1	0	1	0	0	0	0
97350	1	0	1	0	0	0	0
97375	1	0	1	0	0	0	0
97400	1	0	1	0	0	0	0
97425	0	0	1	0	0	0	0
97450	0	0	1	0	0	0	0
97475	0	0	1	0	0	0	0
97500	0	0	1	0	0	0	0
97525	0	0	1	0	0	0	0
97550	0	0	1	0	0	0	0
97575	0	0	1	0	0	0	0
97600	0	0	1	0	0	0	0
97625	0	0	1	0	0	0	0
97650	0	0	1	0	0	0	0
97675	0	0	1	0	0	0	0
97700	1	0	1	0	0	0	0
97725	0	0	1	0	0	0	0
97750	0	0	1	0	0	0	0
97775	1	0	1	0	0	0	0
97800	1	0	1	0	0	0	0
97825	1	0	1	0	0	0	0
97850	1	0	1	0	0	0	0
97875	0	0	1	0	0	0	0
97900	0	0	1	0	0	0	0
97925	1	0	1	0	0	0	0
97950	1	0	1	0	0	0	0
97975	1	0	1	0	0	0	0
98000	1	0	1	0	0	0	0
98025	1	0	1	0	0	0	0
98050	1	0	1	0	0	0	0
98075	1	0	1	0	0	0	0
98100	1	0	1	0	0	0	0
98125	1	0	1	0	0	0	0
98150	1	0	1	0	0	0	0
98175	1	0	1	0	0	0	0
98200	1	0	1	0	0	0	0
98225	1	0	0	0	0	0	0
98250	1	0	0	0	0	0	0
98275	1	0	0	0	0	0	0
98300	1	0	0	0	0	0	0
98325	1	0	0	0	0	0	0
98350	1	0	0	0	0	0	0
98375	1	0	0	0	0	0	0
98400	1	0	1	0	0	0	0
98425	1	0	1	0	0	0	0
98450	1	0	1	0	0	0	0
98475	1	0	0	0	0	0	0
98500	0	0	0	0	0	0	0
98525	0	0	1	0	0	0	0
98550	0	0	1	0	0	0	0
98575	0	0	1	0	0	0	0
98600	0	0	0	0	0	0	0
98625	0	0	1	0	0	0	0
98650	0	0	1	0	0	0	0
98675	0	0	1	0	0	0	0
98700	0	0	1	0	0	0	0
98725	0	0	0	0	0	0	0
98750	1	0	1	0	0	0	0
98775	1	0	1	0	0	0	0
98800	1	0	1	0	0	0	0
98825	1	0	1	0	0	0	0
98850	1	0	1	0	0	0	0
98875	1	0	1	0	0	0	0
98900	1	0	0	0	0	0	0
98925	1	0	0	0	0	0	0
98950	1	0	0	0	0	0	0
98975	1	0	0	0	0	0	0
99000	1	0	0	0	0	0	0
99025	1	0	0	0	0	0	0
99050	1	0	0	0	0	0	0
99075	1	0	0	0	0	0	0
99100	1	0	0	0	0	0	0
99125	0	0	1	0	0	0	0
99150	1	0	1	0	0	0	0
99175	1	0	1	0	0	0	0
99200	1	0	1	0	0	0	0
99225	1	0	1	0	0	0	0
99250	1	0	1	0	0	0	0
99275	1	0	1	0	0	0	0
99300	1	0	1	0	0	0	0
99325	1	0	1	0	0	0	0
99350	1	0	1	0	0	0	0
99375	1	0	1	0	0	0	0
99400	1	0	1	0	0	0	0
99425	1	0	1	0	0	0	0
99450	1	0	0	0	0	0	0
99475	1	0	1	0	0	0	0
99500	1	0	1	0	0	0	0
99525	1	0	1	0	0	0	0
99550	1	0	1	0	0	0	0
99575	1	0	1	0	0	0	0
99600	1	0	1	0	0	0	0
99625	1	0	1	0	0	0	0
99650	1	0	1	0	0	0	0
99675	1	0	1	0	0	0	0
99700	1	0	1	0	0	0	0
99725	1	0	1	0	0	0	0
99750	1	0	1	0	0	0	0
99775	1	0	1	0	0	0	0
99800	1	0	0	0	0	0	0
99825	1	0	1	0	0	0	0
99850	1	0	1	0	0	0	0
99875	1	0	1	0	0	0	0
99900	1	0	1	0	0	0	0
99925	1	0	1	0	0	0	0
99950	1	0	1	0	0	0	0
99975	1	0	1	0	0	0	0
100000	1	0	1	0	0	0	0
100025	1	0	1	0	0	0	0
100050	1	0	1	0	0	0	0
100075	1	0	1	0	0	0	0
100100	1	0	1	0	0	0	0
100125	1	0	1	0	0	0	0
100150	1	0	1	0	0	0	0
100175	1	0	1	0	0	0	0
100200	1	0	1	0	0	0	0
100225	1	0	0	0	0	0	0
100250	1	0	0	0	0	0	0
100275	0	0	0	0	0	0	0
100300	0	0	0	0	0	0	0
100325	1	0	0	0	0	0	0
100350	1	0	0	0	0	0	0
100375	1	0	0	0	0	0	0
100400	1	0	0	0	0	0	0
100425	1	0	0	0	0	0	0
100450	1	0	0	0	0	0	0
100475	1	0	0	0	0	0	0
100500	1	0	0	0	0	0	0
100525	1	0	0	0	0	0	0
100550	1	0	0	0	0	0	0
100575	1	0	0	0	0	0	0
100600	1	0	0	0	0	0	0
100625	1	0	1	0	0	0	0
100650	1	0	1	0	0	0	0
100675	1	0	1	0	0	0	0
100700	1	0	1	0	0	0	0
100725	1	0	1	0	0	0	0
100750	1	0	1	0	0	0	0
100775	1	0	1	0	0	0	0
100800	1	0	1	0	0	0	0
100825	0	0	1	0	0	0	0
100850	0	0	1	0	0	0	0
100875	1	0	1	0	0	0	0
100900	1	0	1	0	0	0	0
100925	1	0	1	0	0	0	0
100950	0	0	1	0	0	0	0
100975	0	0	1	0	0	0	0
101000	0	0	1	0	0	0	0
101025	0	0	1	0	0	0	0
101050	0	0	1	0	0	0	0
101075	0	0	1	0	0	0	0
101100	0	0	1	0	0	0	0
101125	0	0	1	0	0	0	0
101150	0	0	1	0	0	0	0
101175	1	0	1	0	0	0	0
101200	1	0	1	0	0	0	0
101225	1	0	1	0	0	0	0
101250	0	0	1	0	0	0	0
101275	1	0	1	0	0	0	0
101300	0	0	1	0	0	0	0
101325	0	0	1	0	0	0	0
101350	0	0	1	0	0	0	0
101375	0	0	1	0	0	0	0
101400	1	0	1	0	0	0	0
101425	0	0	1	0	0	0	0
101450	1	0	1	0	0	0	0
101475	1	0	1	0	0	0	0
101500	0	0	1	0	0	0	0
101525	0	0	1	0	0	0	0
101550	0	0	1	0	0	0	0
101575	1	0	1	0	0	0	0
101600	1	0	1	0	0	0	0
101625	1	0	1	0	0	0	0
101650	1	0	1	0	0	0	0
101675	1	0	1	0	0	0	0
101700	1	0	1	0	0	0	0
101725	1	0	1	0	0	0	0
101750	1	0	1	0	0	0	0
101775	1	0	1	0	0	0	0
101800	1	0	1	0	0	0	0
101825	0	0	1	0	0	0	0
101850	0	0	1	0	0	0	0
101875	0	0	1	0	0	0	0
101900	0	0	1	0	0	0	0
101925	0	0	1	0	0	0	0
101950	0	0	1	0	0	0	0
101975	0	0	1	0	0	0	0
102000	1	0	1	0	0	0	0
102025	1	0	1	0	0	0	0
102050	1	0	1	0	0	0	0
102075	1	0	1	0	0	0	0
102100	1	0	1	0	0	0	0
102125	1	0	1	0	0	0	0
102150	0	0	1	0	0	0	0
102175	0	0	1	0	0	0	0
102200	0	0	1	0	0	0	0
102225	0	0	1	0	0	0	0
102250	1	0	1	0	0	0	0
102275	1	0	1	0	0	0	0
102300	0	0	1	0	0	0	0
102325	0	0	1	0	0	0	0
102350	0	0	1	0	0	0	0
102375	0	0	1	0	0	0	0
102400	0	0	1	0	0	0	0
102425	0	0	1	0	0	0	0
102450	0	0	1	0	0	0	0
102475	0	0	1	0	0	0	0
102500	0	0	1	0	0	0	0
102525	0	0	1	0	0	0	0
102550	0	0	1	0	0	0	0
102575	0	0	1	0	0	0	0
102600	0	0	1	0	0	0	0
102625	0	0	1	0	0	0	0
102650	0	0	1	0	0	0	0
102675	0	0	1	0	0	0	0
102700	0	0	1	0	0	0	0
102725	0	0	0	0	0	0	0
102750	0	0	1	0	0	0	0
102775	1	0	1	0	0	0	0
102800	1	0	1	0	0	0	0
102825	1	0	1	0	0	0	0
102850	0	0	1	0	0	0	0
102875	0	0	1	0	0	0	0
102900	1	0	1	0	0	0	0
102925	1	0	1	0	0	0	0
102950	1	0	1	0	0	0	0
102975	0	0	1	0	0	0	0
103000	1	0	1	0	0	0	0
103025	1	0	1	0	0	0	0
103050	1	0	1	0	0	0	0
103075	1	0	1	0	0	0	0
103100	1	0	1	0	0	0	0
103125	1	0	1	0	0	0	0
103150	1	0	1	0	0	0	0
103175	1	0	1	0	0	0	0
103200	1	0	1	0	0	0	0
103225	1	0	1	0	0	0	0
103250	0	0	1	0	0	0	0
103275	0	0	1	0	0	0	0
103300	1	0	1	0	0	0	0
103325	1	0	1	0	0	0	0
103350	1	0	1	0	0	0	0
103375	1	0	1	0	0	0	0
103400	1	0	1	0	0	0	0
103425	1	0	0	0	0	0	0
103450	1	0	1	0	0	0	0
103475	1	0	1	0	0	0	0
103500	1	0	1	0	0	0	0
103525	1	0	1	0	0	0	0
103550	1	0	1	0	0	0	0
103575	0	0	1	0	0	0	0
103600	0	0	1	0	0	0	0
103625	0	0	1	0	0	0	0
103650	0	0	1	0	0	0	0
103675	0	0	1	0	0	0	0
103700	0	0	1	0	0	0	0
103725	0	0	1	0	0	0	0
103750	0	0	1	0	0	0	0
103775	0	0	1	0	0	0	0
103800	0	0	1	0	0	0	0
103825	0	0	1	0	0	0	0
103850	0	0	1	0	0	0	0
103875	0	0	1	0	0	0	0
103900	1	0	1	0	0	0	0
103925	1	0	1	0	0	0	0
103950	0	0	1	0	0	0	0
103975	0	0	1	0	0	0	0
104000	0	0	1	0	0	0	0
104025	0	0	1	0	0	0	0
104050	0	0	1	0	0	0	0
104075	0	0	1	0	0	0	0
104100	0	0	1	0	0	0	0
104125	0	0	1	0	0	0	0
104150	0	0	1	0	0	0	0
104175	0	0	1	0	0	0	0
104200	0	0	1	0	0	0	0
104225	0	0	0	0	0	0	0
104250	0	0	0	0	0	0	0
104275	0	0	1	0	0	0	0
104300	0	0	1	0	0	0	0
104325	0	0	1	0	0	0	0
104350	0	0	1	0	0	0	0
104375	0	0	1	0	0	0	0
104400	0	0	1	0	0	0	0
104425	0	0	1	0	0	0	0
104450	0	0	1	0	0	0	0
104475	0	0	1	0	0	0	0
104500	0	0	1	0	0	0	0
104525	0	0	1	0	0	0	0
104550	0	0	1	0	0	0	0
104575	0	0	1	0	0	0	0
104600	0	0	1	0	0	0	0
104625	0	0	1	0	0	0	0
104650	0	0	0	0	0	0	0
104675	0	0	1	0	0	0	0
104700	0	0	1	0	0	0	0
104725	0	0	1	0	0	0	0
104750	0	0	1	0	0	0	0
104775	0	0	1	0	0	0	0
104800	0	0	1	0	0	0	0
104825	0	0	1	0	0	0	0
104850	0	0	1	0	0	0	0
104875	0	0	1	0	0	0	0
104900	0	0	1	0	0	0	0
104925	0	0	1	0	0	0	0
104950	0	0	1	0	0	0	0
104975	0	0	1	0	0	0	0
105000	0	0	1	0	0	0	0
105025	0	0	1	0	0	0	0
105050	0	0	1	0	0	0	0
105075	0	0	1	0	0	0	0
105100	0	0	0	0	0	0	0
105125	0	0	0	0	0	0	0
105150	0	0	0	0	0	0	0
105175	0	0	0	0	0	0	0
105200	0	0	1	0	0	0	0
105225	0	0	1	0	0	0	0
105250	0	0	1	0	0	0	0
105275	0	0	1	0	0	0	0
105300	0	0	1	0	0	0	0
105325	0	0	0	0	0	0	0
105350	0	0	0	0	0	0	0
105375	0	0	1	0	0	0	0
105400	0	0	1	0	0	0	0
105425	0	0	1	0	0	0	0
105450	0	0	1	0	0	0	0
105475	0	0	1	0	0	0	0
105500	0	0	1	0	0	0	0
105525	0	0	1	0	0	0	0
105550	0	0	1	0	0	0	0
105575	0	0	1	0	0	0	0
105600	0	0	1	0	0	0	0
105625	0	0	1	0	0	0	0
105650	0	0	1	0	0	0	0
105675	0	0	1	0	0	0	0
105700	0	0	0	0	0	0	0
105725	0	0	0	0	0	0	0
105750	0	0	1	0	0	0	0
105775	0	0	1	0	0	0	0
105800	0	0	1	0	0	0	0
105825	0	0	0	0	0	0	0
105850	0	0	0	0	0	0	0
105875	0	0	0	0	0	0	0
105900	0	0	0	0	0	0	0
105925	0	0	0	0	0	0	0
105950	0	0	0	0	0	0	0
105975	0	0	0	0	0	0	0
106000	0	0	0	0	0	0	0
106025	0	0	0	0	0	0	0
106050	0	0	0	0	0	0	0
106075	0	0	0	0	0	0	0
106100	0	0	0	0	0	0	0
106125	0	0	0	0	0	0	0
106150	0	0	0	0	0	0	0
106175	0	0	0	0	0	0	0
106200	0	0	0	0	0	0	0
106225	0	0	0	0	0	0	0
106250	0	0	0	0	0	0	0
106275	0	0	0	0	0	0	0
106300	0	0	0	0	0	0	0
106325	0	0	0	0	0	0	0
106350	0	0	0	0	0	0	0
106375	0	0	0	0	0	0	0
106400	0	0	0	0	0	0	0
106425	0	0	0	0	0	0	0
106450	0	0	0	0	0	0	0
106475	0	0	0	0	0	0	0
106500	0	0	0	0	0	0	0
106525	0	0	0	0	0	0	0
106550	0	0	0	0	0	0	0
106575	0	0	0	0	0	0	0
106600	0	0	0	0	0	0	0
106625	0	0	0	0	0	0	0
106650	0	0	0	0	0	0	0
106675	0	0	0	0	0	0	0
106700	0	0	0	0	0	0	0
106725	0	0	0	0	0	0	0
106750	0	0	0	0	0	0	1
106775	0	0	0	0	0	0	1
106800	1	0	0	0	0	0	1
106825	1	0	0	0	0	0	1
106850	1	0	0	0	0	0	1
106875	1	0	0	0	0	0	1
106900	1	0	0	0	0	0	1
106925	1	0	0	0	0	0	1
106950	1	0	0	0	0	0	1
106975	1	0	0	0	0	0	1
107000	1	0	0	0	0	0	1
107025	1	0	0	0	0	0	1
107050	1	0	0	0	0	0	1
107075	1	0	0	0	0	0	1
107100	1	0	0	0	0	0	1
107125	1	0	0	0	0	0	1
107150	1	0	0	0	0	0	1
107175	1	0	0	0	0	0	1
107200	1	0	0	0	0	0	1
107225	1	0	0	0	0	0	1
107250	1	0	0	0	0	0	1
107275	1	0	0	0	0	0	1
107300	1	0	0	0	0	0	1
107325	1	0	0	0	0	0	1
107350	1	0	0	0	0	0	1
107375	1	0	0	0	0	0	1
107400	1	0	0	0	0	0	1
107425	1	0	0	0	0	0	1
107450	1	0	0	0	0	0	1
107475	1	0	0	0	0	0	1
107500	1	0	0	0	0	0	1
107525	1	0	0	0	0	0	1
107550	1	0	0	0	0	0	1
107575	1	0	0	0	0	0	1
107600	1	0	0	0	0	0	1
107625	1	0	0	0	0	0	1
107650	1	0	0	0	0	0	1
107675	1	0	0	0	0	0	1
107700	1	0	0	0	0	0	1
107725	1	0	0	0	0	0	1
107750	1	0	0	0	0	0	1
107775	1	0	0	0	0	0	1
107800	1	0	0	0	0	0	1
107825	1	0	0	0	0	0	1
107850	1	0	0	0	0	0	1
107875	1	0	0	0	0	0	1
107900	1	0	0	0	0	0	1
107925	1	0	0	0	0	0	1
107950	1	0	0	0	0	0	1
107975	1	0	0	0	0	0	1
108000	1	0	0	0	0	0	1
108025	1	0	0	0	0	0	1
108050	1	0	0	0	0	0	1
108075	1	0	0	0	0	0	1
108100	1	0	0	0	0	0	1
108125	1	0	0	0	0	0	1
108150	1	0	0	0	0	0	1
108175	1	0	0	0	0	0	1
108200	1	0	0	0	0	0	1
108225	1	0	0	0	0	0	1
108250	1	0	0	0	0	0	1
108275	1	0	0	0	0	0	1
108300	1	0	0	0	0	0	1
108325	1	0	0	0	0	0	1
108350	1	0	0	0	0	0	1
108375	1	0	0	0	0	0	1
108400	1	0	0	0	0	0	1
108425	1	0	0	0	0	0	1
108450	1	0	0	0	0	0	1
108475	1	0	0	0	0	0	1
108500	1	0	0	0	0	0	1
108525	1	0	0	0	0	0	1
108550	1	0	0	0	0	0	1
108575	1	0	0	0	0	0	1
108600	1	0	0	0	0	0	1
108625	1	0	0	0	0	0	1
108650	1	0	0	0	0	0	1
108675	1	0	0	0	0	0	1
108700	1	0	0	0	0	0	1
108725	1	0	0	0	0	0	1
108750	1	0	0	0	0	0	1
108775	1	0	0	0	0	0	1
108800	1	0	0	0	0	0	1
108825	1	0	0	0	0	0	1
108850	1	0	0	0	0	0	1
108875	1	0	0	0	0	0	1
108900	1	0	0	0	0	0	1
108925	1	0	0	0	0	0	1
108950	1	0	0	0	0	0	1
108975	1	0	0	0	0	0	1
109000	1	0	0	0	0	0	1
109025	1	0	0	0	0	0	1
109050	1	0	0	0	0	0	1
109075	1	0	0	0	0	0	1
109100	1	0	0	0	0	0	1
109125	1	0	0	0	0	0	1
109150	1	0	0	0	0	0	1
109175	1	0	0	0	0	0	1
109200	1	0	0	0	0	0	1
109225	1	0	0	0	0	0	1
109250	1	0	0	0	0	0	1
109275	1	0	0	0	0	0	1
109300	1	0	0	0	0	0	1
109325	1	0	0	0	0	0	1
109350	1	0	0	0	0	0	1
109375	1	0	0	0	0	0	1
109400	1	0	0	0	0	0	1
109425	1	0	0	0	0	0	1
109450	1	0	0	0	0	0	1
109475	1	0	0	0	0	0	1
109500	1	0	0	0	0	0	1
109525	1	0	0	0	0	0	1
109550	1	0	0	0	0	0	1
109575	1	0	0	0	0	0	1
109600	1	0	0	0	0	0	1
109625	1	0	0	0	0	0	1
109650	1	0	0	0	0	0	1
109675	1	0	0	0	0	0	1
109700	1	0	0	0	0	0	1
109725	1	0	0	0	0	0	1
109750	1	0	0	0	0	0	1
109775	1	0	0	0	0	0	1
109800	1	0	0	0	0	0	1
109825	1	0	0	0	0	0	1
109850	1	0	0	0	0	0	1
109875	1	0	0	0	0	0	1
109900	1	0	0	0	0	0	1
109925	1	0	0	0	0	0	1
109950	1	0	0	0	0	0	1
109975	1	0	0	0	0	0	1
110000	1	0	0	0	0	0	1
110025	1	0	0	0	0	0	1
110050	1	0	0	0	0	0	1
110075	1	0	0	0	0	0	1
110100	1	0	0	0	0	0	1
110125	1	0	0	0	0	0	1
110150	1	0	0	0	0	0	1
110175	1	0	0	0	0	0	1
110200	1	0	0	0	0	0	1
110225	1	0	0	0	0	0	1
110250	1	0	0	0	0	0	0
110275	1	0	0	0	0	0	0
110300	1	0	0	0	0	0	0
110325	1	0	0	0	0	0	0
110350	1	0	0	0	0	0	0
110375	1	0	0	0	0	0	0
110400	1	0	0	0	0	0	0
110425	1	0	0	0	0	0	0
110450	1	0	0	0	0	0	0
110475	1	0	0	0	0	0	0
110500	1	0	0	0	0	0	0
110525	1	0	0	0	0	0	0
110550	1	0	0	0	0	0	0
110575	1	0	0	0	0	0	0
110600	1	0	0	0	0	0	0
110625	1	0	0	0	0	0	0
110650	1	0	0	0	0	0	0
110675	1	0	0	0	0	0	0
110700	1	0	0	0	0	0	0
110725	1	0	0	0	0	0	0
110750	1	0	0	0	0	0	0
110775	1	0	0	0	0	0	0
110800	1	0	0	0	0	0	0
110825	1	0	0	0	0	0	0
110850	1	0	0	0	0	0	0
110875	1	0	0	0	0	0	0
110900	1	0	0	0	0	0	0
110925	1	0	0	0	0	0	0
110950	1	0	0	0	0	0	0
110975	1	0	0	0	0	0	0
111000	1	0	0	0	0	0	0
111025	1	0	0	0	0	0	0
111050	1	0	0	0	0	0	0
111075	1	0	0	0	0	0	0
111100	1	0	0	0	0	0	1
111125	1	0	0	0	0	0	1
111150	1	0	0	0	0	0	1
111175	1	0	0	0	0	0	1
111200	1	0	0	0	0	0	1
111225	1	0	0	0	0	0	1
111250	1	0	0	0	0	0	1
111275	1	0	0	0	0	0	0
111300	0	0	0	0	0	0	0
111325	1	0	0	0	0	0	0
111350	0	0	0	0	0	0	0
111375	0	0	0	0	0	0	0
111400	1	0	0	0	0	0	1
111425	1	0	0	0	0	0	1
111450	1	0	0	0	0	0	1
111475	1	0	0	0	0	0	1
111500	1	0	0	0	0	0	1
111525	0	0	0	0	0	0	0
111550	0	0	0	0	0	0	0
111575	0	0	0	0	0	0	0
111600	0	0	0	0	0	0	0
111625	0	0	0	0	0	0	0
111650	0	0	0	0	0	0	0
111675	0	0	0	0	0	0	0
111700	1	0	0	0	0	0	1
111725	1	0	0	0	0	0	1
111750	1	0	0	0	0	0	1
111775	1	0	0	0	0	0	1
111800	0	0	0	0	0	0	1
111825	0	0	0	0	0	0	1
111850	0	0	0	0	0	0	1
111875	0	0	0	0	0	0	1
111900	0	0	0	0	0	0	1
111925	0	0	0	0	0	0	1
111950	0	0	0	0	0	0	1
111975	0	0	0	0	0	0	1
112000	0	0	0	0	0	0	1
112025	0	0	0	0	0	0	1
112050	0	0	0	0	0	0	1
112075	1	0	0	0	0	0	1
112100	1	0	0	0	0	0	1
112125	1	0	0	0	0	0	1
112150	1	0	0	0	0	0	1
112175	1	0	0	0	0	0	1
112200	1	0	0	0	0	0	1
112225	1	0	0	0	0	0	1
112250	1	0	0	0	0	0	1
112275	1	0	0	0	0	0	1
112300	1	0	0	0	0	0	1
112325	1	0	0	0	0	0	1
112350	1	0	0	0	0	0	1
112375	1	0	0	0	0	0	1
112400	1	0	0	0	0	0	1
112425	1	0	0	0	0	0	1
112450	1	0	0	0	0	0	1
112475	1	0	0	0	0	0	1
112500	1	0	0	0	0	0	1
112525	1	0	0	0	0	0	1
112550	1	0	0	0	0	0	1
112575	1	0	0	0	0	0	1
112600	1	0	0	0	0	0	1
112625	1	0	0	0	0	0	0
112650	1	0	0	0	0	0	1
112675	1	0	0	0	0	0	1
112700	1	0	0	0	0	0	1
112725	1	0	0	0	0	0	1
112750	1	0	0	0	0	0	1
112775	1	0	0	0	0	0	1
112800	1	0	0	0	0	0	1
112825	1	0	0	0	0	0	1
112850	1	0	0	0	0	0	1
112875	1	0	0	0	0	0	1
112900	1	0	0	0	0	0	1
112925	1	0	0	0	0	0	1
112950	1	0	0	0	0	0	1
112975	1	0	0	0	0	0	1
113000	1	0	0	0	0	0	1
113025	1	0	0	0	0	0	0
113050	0	0	0	0	0	0	0
113075	0	0	0	0	0	0	0
113100	0	0	0	0	0	0	0
113125	1	0	0	0	0	0	0
113150	1	0	0	0	0	0	0
113175	1	0	0	0	0	0	0
113200	1	0	0	0	0	0	0
113225	1	0	0	0	0	0	0
113250	1	0	0	0	0	0	0
113275	1	0	0	0	0	0	0
113300	1	0	0	0	0	0	0
113325	1	0	0	0	0	0	0
113350	1	0	0	0	0	0	0
113375	1	0	0	0	0	0	0
113400	0	0	0	0	0	0	0
113425	0	0	0	0	0	0	0
113450	0	0	0	0	0	0	0
113475	0	0	0	0	0	0	0
113500	0	0	0	0	0	0	0
113525	0	0	0	0	0	0	0
113550	0	0	0	0	0	0	0
113575	0	0	0	0	0	0	0
113600	0	0	0	0	0	0	0
113625	0	0	0	0	0	0	0
113650	0	0	0	0	0	0	1
113675	0	0	0	0	0	0	1
113700	0	0	0	0	0	0	1
113725	0	0	0	0	0	0	1
113750	0	0	0	0	0	0	1
113775	0	0	0	0	0	0	1
113800	1	0	0	0	0	0	1
113825	0	0	0	0	0	0	1
113850	0	0	0	0	0	0	1
113875	1	0	0	0	0	0	1
113900	0	0	0	0	0	0	1
113925	0	0	0	0	0	0	1
113950	1	0	0	0	0	0	1
113975	1	0	0	0	0	0	1
114000	1	0	0	0	0	0	1
114025	1	0	0	0	0	0	1
114050	1	0	0	0	0	0	1
114075	1	0	0	0	0	0	1
114100	0	0	0	0	0	0	1
114125	0	0	0	0	0	0	1
114150	0	0	0	0	0	0	1
114175	1	0	0	0	0	0	1
114200	1	0	0	0	0	0	1
114225	1	0	0	0	0	0	1
114250	1	0	0	0	0	0	1
114275	1	0	0	0	0	0	1
114300	1	0	0	0	0	0	0
114325	1	0	0	0	0	0	0
114350	1	0	0	0	0	0	0
