Frame	Grasper	Bipolar	Hook	Scissors	Clipper	Irrigator	SpecimenBag
0	1	0	1	0	0	0	0
25	1	0	1	0	0	0	0
50	1	0	1	0	0	0	0
75	1	0	1	0	0	0	0
100	1	0	1	0	0	0	0
125	1	0	1	0	0	0	0
150	1	0	1	0	0	0	0
175	1	0	1	0	0	0	0
200	1	0	1	0	0	0	0
225	1	0	1	0	0	0	0
250	1	0	1	0	0	0	0
275	1	0	1	0	0	0	0
300	1	0	1	0	0	0	0
325	1	0	1	0	0	0	0
350	1	0	1	0	0	0	0
375	1	0	1	0	0	0	0
400	1	0	1	0	0	0	0
425	1	0	1	0	0	0	0
450	1	0	1	0	0	0	0
475	0	0	1	0	0	0	0
500	0	0	1	0	0	0	0
525	0	0	1	0	0	0	0
550	0	0	1	0	0	0	0
575	0	0	1	0	0	0	0
600	0	0	1	0	0	0	0
625	0	0	1	0	0	0	0
650	0	0	1	0	0	0	0
675	0	0	1	0	0	0	0
700	0	0	1	0	0	0	0
725	0	0	1	0	0	0	0
750	1	0	1	0	0	0	0
775	1	0	1	0	0	0	0
800	1	0	1	0	0	0	0
825	1	0	1	0	0	0	0
850	1	0	1	0	0	0	0
875	1	0	1	0	0	0	0
900	1	0	1	0	0	0	0
925	1	0	1	0	0	0	0
950	1	0	1	0	0	0	0
975	1	0	1	0	0	0	0
1000	1	0	1	0	0	0	0
1025	1	0	1	0	0	0	0
1050	1	0	1	0	0	0	0
1075	1	0	1	0	0	0	0
1100	1	0	1	0	0	0	0
1125	1	0	0	0	0	0	0
1150	1	0	0	0	0	0	0
1175	1	0	0	0	0	0	0
1200	1	0	0	0	0	0	0
1225	1	0	0	0	0	0	0
1250	1	0	0	0	0	0	0
1275	1	0	0	0	0	0	0
1300	1	0	0	0	0	0	0
1325	1	0	0	0	0	0	0
1350	1	0	0	0	0	0	0
1375	1	0	0	0	0	0	0
1400	1	0	0	0	0	0	0
1425	1	0	0	0	0	0	0
1450	1	0	0	0	0	0	0
1475	1	0	0	0	0	0	0
1500	1	0	0	0	0	0	0
1525	1	0	0	0	0	0	0
1550	1	0	0	0	0	0	0
1575	1	0	1	0	0	0	0
1600	1	0	1	0	0	0	0
1625	1	0	1	0	0	0	0
1650	1	0	1	0	0	0	0
1675	1	0	1	0	0	0	0
1700	1	0	1	0	0	0	0
1725	1	0	1	0	0	0	0
1750	1	0	1	0	0	0	0
1775	1	0	1	0	0	0	0
1800	1	0	1	0	0	0	0
1825	1	0	1	0	0	0	0
1850	1	0	1	0	0	0	0
1875	1	0	1	0	0	0	0
1900	1	0	1	0	0	0	0
1925	1	0	1	0	0	0	0
1950	1	0	1	0	0	0	0
1975	1	0	1	0	0	0	0
2000	1	0	1	0	0	0	0
2025	1	0	1	0	0	0	0
2050	1	0	1	0	0	0	0
2075	1	0	1	0	0	0	0
2100	0	0	1	0	0	0	0
2125	0	0	1	0	0	0	0
2150	0	0	1	0	0	0	0
2175	0	0	1	0	0	0	0
2200	0	0	1	0	0	0	0
2225	0	0	1	0	0	0	0
2250	0	0	1	0	0	0	0
2275	0	0	1	0	0	0	0
2300	0	0	1	0	0	0	0
2325	0	0	1	0	0	0	0
2350	0	0	1	0	0	0	0
2375	0	0	1	0	0	0	0
2400	0	0	1	0	0	0	0
2425	0	0	1	0	0	0	0
2450	0	0	1	0	0	0	0
2475	1	0	1	0	0	0	0
2500	1	0	1	0	0	0	0
2525	1	0	1	0	0	0	0
2550	1	0	1	0	0	0	0
2575	1	0	1	0	0	0	0
2600	1	0	1	0	0	0	0
2625	1	0	1	0	0	0	0
2650	1	0	1	0	0	0	0
2675	1	0	1	0	0	0	0
2700	1	0	1	0	0	0	0
2725	1	0	1	0	0	0	0
2750	1	0	1	0	0	0	0
2775	1	0	1	0	0	0	0
2800	1	0	1	0	0	0	0
2825	1	0	1	0	0	0	0
2850	1	0	1	0	0	0	0
2875	1	0	1	0	0	0	0
2900	1	0	1	0	0	0	0
2925	1	0	1	0	0	0	0
2950	1	0	1	0	0	0	0
2975	1	0	1	0	0	0	0
3000	1	0	1	0	0	0	0
3025	1	0	1	0	0	0	0
3050	1	0	1	0	0	0	0
3075	1	0	1	0	0	0	0
3100	1	0	1	0	0	0	0
3125	1	0	1	0	0	0	0
3150	1	0	1	0	0	0	0
3175	1	0	1	0	0	0	0
3200	1	0	1	0	0	0	0
3225	1	0	0	0	0	0	0
3250	1	0	0	0	0	0	0
3275	0	0	0	0	0	0	0
3300	0	0	0	0	0	0	0
3325	0	0	0	0	0	0	0
3350	1	0	0	0	0	0	0
3375	1	0	0	0	0	0	0
3400	1	0	0	0	0	0	0
3425	1	0	1	0	0	0	0
3450	1	0	1	0	0	0	0
3475	1	0	1	0	0	0	0
3500	1	0	1	0	0	0	0
3525	1	0	1	0	0	0	0
3550	1	0	1	0	0	0	0
3575	1	0	1	0	0	0	0
3600	1	0	1	0	0	0	0
3625	1	0	1	0	0	0	0
3650	1	0	1	0	0	0	0
3675	1	0	1	0	0	0	0
3700	1	0	1	0	0	0	0
3725	1	0	1	0	0	0	0
3750	1	0	1	0	0	0	0
3775	1	0	1	0	0	0	0
3800	1	0	1	0	0	0	0
3825	1	0	1	0	0	0	0
3850	1	0	1	0	0	0	0
3875	1	0	1	0	0	0	0
3900	1	0	1	0	0	0	0
3925	1	0	1	0	0	0	0
3950	1	0	1	0	0	0	0
3975	1	0	0	0	0	0	0
4000	1	0	0	0	0	0	0
4025	1	0	0	0	0	0	0
4050	0	0	0	0	0	0	0
4075	0	0	0	0	0	0	0
4100	0	0	0	0	0	0	0
4125	0	0	0	0	0	0	0
4150	0	0	0	0	0	0	0
4175	0	0	0	0	0	0	0
4200	0	0	0	0	0	0	0
4225	0	0	0	0	0	0	0
4250	0	0	0	0	0	0	0
4275	0	0	0	0	0	0	0
4300	0	0	0	0	0	0	0
4325	0	0	0	0	0	0	0
4350	0	0	0	0	0	0	0
4375	0	0	0	0	0	0	0
4400	0	0	0	0	0	0	0
4425	1	0	0	0	0	0	0
4450	0	0	0	0	0	0	0
4475	0	0	0	0	0	0	0
4500	0	0	0	0	0	0	0
4525	0	0	0	0	0	0	0
4550	0	0	0	0	0	0	0
4575	0	0	0	0	0	0	0
4600	0	0	0	0	0	0	0
4625	0	0	0	0	0	0	0
4650	1	0	0	0	0	0	0
4675	1	0	0	0	0	0	0
4700	1	0	0	0	0	0	0
4725	1	0	0	0	0	0	0
4750	1	0	0	0	0	0	0
4775	1	0	0	0	0	0	0
4800	1	0	0	0	0	0	0
4825	1	0	0	0	0	0	0
4850	1	0	0	0	0	0	0
4875	1	0	0	0	0	0	0
4900	1	0	0	0	0	0	0
4925	1	0	0	0	0	0	0
4950	1	0	1	0	0	0	0
4975	1	0	1	0	0	0	0
5000	1	0	1	0	0	0	0
5025	1	0	1	0	0	0	0
5050	1	0	1	0	0	0	0
5075	1	0	1	0	0	0	0
5100	1	0	1	0	0	0	0
5125	1	0	1	0	0	0	0
5150	1	0	1	0	0	0	0
5175	1	0	1	0	0	0	0
5200	1	0	1	0	0	0	0
5225	1	0	1	0	0	0	0
5250	1	0	1	0	0	0	0
5275	1	0	1	0	0	0	0
5300	1	0	1	0	0	0	0
5325	1	0	1	0	0	0	0
5350	1	0	1	0	0	0	0
5375	1	0	1	0	0	0	0
5400	1	0	1	0	0	0	0
5425	1	0	1	0	0	0	0
5450	1	0	1	0	0	0	0
5475	1	0	1	0	0	0	0
5500	1	0	1	0	0	0	0
5525	1	0	1	0	0	0	0
5550	1	0	1	0	0	0	0
5575	1	0	1	0	0	0	0
5600	1	0	1	0	0	0	0
5625	1	0	1	0	0	0	0
5650	1	0	1	0	0	0	0
5675	1	0	1	0	0	0	0
5700	1	0	1	0	0	0	0
5725	1	0	1	0	0	0	0
5750	1	0	1	0	0	0	0
5775	1	0	1	0	0	0	0
5800	1	0	1	0	0	0	0
5825	1	0	1	0	0	0	0
5850	1	0	1	0	0	0	0
5875	1	0	1	0	0	0	0
5900	1	0	1	0	0	0	0
5925	1	0	1	0	0	0	0
5950	1	0	1	0	0	0	0
5975	1	0	1	0	0	0	0
6000	1	0	1	0	0	0	0
6025	1	0	1	0	0	0	0
6050	1	0	1	0	0	0	0
6075	1	0	1	0	0	0	0
6100	1	0	1	0	0	0	0
6125	1	0	1	0	0	0	0
6150	1	0	1	0	0	0	0
6175	1	0	1	0	0	0	0
6200	1	0	1	0	0	0	0
6225	1	0	1	0	0	0	0
6250	1	0	1	0	0	0	0
6275	1	0	1	0	0	0	0
6300	1	0	1	0	0	0	0
6325	1	0	1	0	0	0	0
6350	1	0	1	0	0	0	0
6375	1	0	1	0	0	0	0
6400	1	0	1	0	0	0	0
6425	1	0	1	0	0	0	0
6450	1	0	1	0	0	0	0
6475	1	0	1	0	0	0	0
6500	1	0	1	0	0	0	0
6525	1	0	1	0	0	0	0
6550	1	0	1	0	0	0	0
6575	1	0	1	0	0	0	0
6600	1	0	1	0	0	0	0
6625	1	0	1	0	0	0	0
6650	1	0	1	0	0	0	0
6675	1	0	1	0	0	0	0
6700	1	0	1	0	0	0	0
6725	1	0	1	0	0	0	0
6750	1	0	1	0	0	0	0
6775	1	0	1	0	0	0	0
6800	1	0	1	0	0	0	0
6825	1	0	1	0	0	0	0
6850	1	0	1	0	0	0	0
6875	1	0	1	0	0	0	0
6900	1	0	1	0	0	0	0
6925	1	0	1	0	0	0	0
6950	1	0	1	0	0	0	0
6975	1	0	1	0	0	0	0
7000	1	0	1	0	0	0	0
7025	1	0	1	0	0	0	0
7050	1	0	1	0	0	0	0
7075	1	0	1	0	0	0	0
7100	1	0	1	0	0	0	0
7125	1	0	1	0	0	0	0
7150	1	0	1	0	0	0	0
7175	1	0	1	0	0	0	0
7200	1	0	1	0	0	0	0
7225	1	0	1	0	0	0	0
7250	1	0	1	0	0	0	0
7275	1	0	1	0	0	0	0
7300	1	0	1	0	0	0	0
7325	1	0	1	0	0	0	0
7350	1	0	1	0	0	0	0
7375	1	0	1	0	0	0	0
7400	1	0	1	0	0	0	0
7425	1	0	1	0	0	0	0
7450	1	0	1	0	0	0	0
7475	1	0	1	0	0	0	0
7500	1	0	1	0	0	0	0
7525	1	0	1	0	0	0	0
7550	1	0	1	0	0	0	0
7575	1	0	1	0	0	0	0
7600	1	0	1	0	0	0	0
7625	1	0	1	0	0	0	0
7650	1	0	1	0	0	0	0
7675	1	0	1	0	0	0	0
7700	1	0	1	0	0	0	0
7725	1	0	1	0	0	0	0
7750	1	0	1	0	0	0	0
7775	1	0	1	0	0	0	0
7800	1	0	1	0	0	0	0
7825	1	0	1	0	0	0	0
7850	1	0	1	0	0	0	0
7875	1	0	1	0	0	0	0
7900	1	0	1	0	0	0	0
7925	1	0	1	0	0	0	0
7950	1	0	1	0	0	0	0
7975	1	0	1	0	0	0	0
8000	1	0	1	0	0	0	0
8025	1	0	1	0	0	0	0
8050	1	0	1	0	0	0	0
8075	1	0	1	0	0	0	0
8100	1	0	1	0	0	0	0
8125	1	0	1	0	0	0	0
8150	1	0	1	0	0	0	0
8175	1	0	1	0	0	0	0
8200	1	0	1	0	0	0	0
8225	0	0	1	0	0	0	0
8250	0	0	1	0	0	0	0
8275	0	0	1	0	0	0	0
8300	0	0	1	0	0	0	0
8325	0	0	1	0	0	0	0
8350	0	0	1	0	0	0	0
8375	0	0	1	0	0	0	0
8400	1	0	1	0	0	0	0
8425	1	0	1	0	0	0	0
8450	1	0	1	0	0	0	0
8475	1	0	1	0	0	0	0
8500	1	0	1	0	0	0	0
8525	1	0	1	0	0	0	0
8550	1	0	1	0	0	0	0
8575	1	0	1	0	0	0	0
8600	1	0	1	0	0	0	0
8625	1	0	1	0	0	0	0
8650	1	0	1	0	0	0	0
8675	1	0	1	0	0	0	0
8700	1	0	1	0	0	0	0
8725	1	0	1	0	0	0	0
8750	1	0	1	0	0	0	0
8775	1	0	1	0	0	0	0
8800	1	0	1	0	0	0	0
8825	1	0	1	0	0	0	0
8850	1	0	1	0	0	0	0
8875	1	0	1	0	0	0	0
8900	1	0	1	0	0	0	0
8925	1	0	1	0	0	0	0
8950	1	0	1	0	0	0	0
8975	1	0	1	0	0	0	0
9000	1	0	1	0	0	0	0
9025	1	0	1	0	0	0	0
9050	1	0	1	0	0	0	0
9075	1	0	1	0	0	0	0
9100	1	0	1	0	0	0	0
9125	1	0	1	0	0	0	0
9150	1	0	1	0	0	0	0
9175	1	0	1	0	0	0	0
9200	1	0	1	0	0	0	0
9225	1	0	1	0	0	0	0
9250	1	0	1	0	0	0	0
9275	1	0	1	0	0	0	0
9300	1	0	1	0	0	0	0
9325	1	0	0	0	0	0	0
9350	1	0	0	0	0	0	0
9375	1	0	0	0	0	0	0
9400	1	0	0	0	0	0	0
9425	0	0	0	0	0	0	0
9450	0	0	0	0	0	0	0
9475	0	0	0	0	0	0	0
9500	0	0	0	0	0	0	0
9525	1	0	0	0	0	0	0
9550	1	0	0	0	0	0	0
9575	1	0	0	0	0	0	0
9600	1	0	0	0	0	0	0
9625	1	0	0	0	0	0	0
9650	1	0	0	0	0	0	0
9675	1	0	0	0	0	0	0
9700	0	0	0	0	0	0	0
9725	1	0	0	0	0	0	0
9750	1	0	0	0	0	0	0
9775	1	0	0	0	0	0	0
9800	1	0	0	0	0	0	0
9825	1	0	0	0	0	0	0
9850	1	0	0	0	0	0	0
9875	1	0	0	0	0	0	0
9900	1	0	0	0	0	0	0
9925	1	0	0	0	0	0	0
9950	1	0	0	0	0	0	0
9975	0	0	0	0	0	0	0
10000	1	0	0	0	0	0	0
10025	0	0	0	0	0	0	0
10050	0	0	0	0	0	0	0
10075	1	0	0	0	0	0	0
10100	1	0	0	0	0	0	0
10125	1	0	0	0	0	0	0
10150	1	0	0	0	0	0	0
10175	1	0	0	0	0	0	0
10200	1	0	0	0	0	0	0
10225	0	0	0	0	0	0	0
10250	0	0	0	0	0	0	0
10275	0	0	0	0	0	0	0
10300	0	0	0	0	0	0	0
10325	0	0	0	0	0	0	0
10350	0	0	0	0	0	0	0
10375	0	0	1	0	0	0	0
10400	0	0	0	0	0	0	0
10425	0	0	1	0	0	0	0
10450	0	0	0	0	0	0	0
10475	1	0	1	0	0	0	0
10500	0	0	1	0	0	0	0
10525	1	0	1	0	0	0	0
10550	0	0	1	0	0	0	0
10575	0	0	1	0	0	0	0
10600	0	0	1	0	0	0	0
10625	0	0	1	0	0	0	0
10650	0	0	1	0	0	0	0
10675	0	0	1	0	0	0	0
10700	0	0	1	0	0	0	0
10725	0	0	1	0	0	0	0
10750	1	0	1	0	0	0	0
10775	0	0	1	0	0	0	0
10800	0	0	1	0	0	0	0
10825	0	0	1	0	0	0	0
10850	0	0	1	0	0	0	0
10875	0	0	1	0	0	0	0
10900	0	0	1	0	0	0	0
10925	0	0	1	0	0	0	0
10950	0	0	1	0	0	0	0
10975	0	0	1	0	0	0	0
11000	0	0	1	0	0	0	0
11025	0	0	1	0	0	0	0
11050	0	0	1	0	0	0	0
11075	0	0	1	0	0	0	0
11100	0	0	1	0	0	0	0
11125	0	0	1	0	0	0	0
11150	0	0	1	0	0	0	0
11175	0	0	1	0	0	0	0
11200	0	0	1	0	0	0	0
11225	1	0	1	0	0	0	0
11250	1	0	1	0	0	0	0
11275	1	0	1	0	0	0	0
11300	1	0	1	0	0	0	0
11325	1	0	1	0	0	0	0
11350	0	0	1	0	0	0	0
11375	1	0	1	0	0	0	0
11400	0	0	0	0	0	0	0
11425	0	0	0	0	0	0	0
11450	0	0	0	0	0	0	0
11475	0	0	0	0	0	0	0
11500	0	0	0	0	0	0	0
11525	0	0	0	0	0	0	0
11550	0	0	0	0	0	0	0
11575	0	0	0	0	0	0	0
11600	0	0	0	0	0	0	0
11625	0	0	0	0	0	0	0
11650	0	0	1	0	0	0	0
11675	0	0	0	0	0	0	0
11700	0	0	0	0	0	0	0
11725	0	0	0	0	0	0	0
11750	0	0	0	0	0	0	0
11775	0	0	0	0	0	0	0
11800	1	0	1	0	0	0	0
11825	1	0	1	0	0	0	0
11850	1	0	1	0	0	0	0
11875	1	0	1	0	0	0	0
11900	1	0	1	0	0	0	0
11925	0	0	1	0	0	0	0
11950	0	0	1	0	0	0	0
11975	0	0	1	0	0	0	0
12000	1	0	1	0	0	0	0
12025	1	0	1	0	0	0	0
12050	1	0	1	0	0	0	0
12075	1	0	1	0	0	0	0
12100	1	0	1	0	0	0	0
12125	1	0	1	0	0	0	0
12150	1	0	1	0	0	0	0
12175	1	0	1	0	0	0	0
12200	1	0	1	0	0	0	0
12225	0	0	1	0	0	0	0
12250	0	0	1	0	0	0	0
12275	0	0	0	0	0	0	0
12300	0	0	1	0	0	0	0
12325	0	0	1	0	0	0	0
12350	0	0	0	0	0	0	0
12375	0	0	0	0	0	0	0
12400	0	0	0	0	0	0	0
12425	0	0	0	0	0	0	0
12450	0	0	0	0	0	0	0
12475	0	0	0	0	0	0	0
12500	0	0	0	0	0	0	0
12525	0	0	0	0	0	0	0
12550	0	0	0	0	0	0	0
12575	0	0	0	0	0	0	0
12600	0	0	0	0	0	0	0
12625	0	0	0	0	0	0	0
12650	0	0	0	0	0	0	0
12675	1	0	0	0	0	0	0
12700	1	0	0	0	0	0	0
12725	1	0	0	0	0	0	0
12750	1	0	0	0	0	0	0
12775	1	0	0	0	0	0	0
12800	1	0	0	0	0	0	0
12825	1	0	0	0	1	0	0
12850	1	0	0	0	1	0	0
12875	1	0	0	0	1	0	0
12900	1	0	0	0	1	0	0
12925	1	0	0	0	1	0	0
12950	1	0	0	0	1	0	0
12975	1	0	0	0	1	0	0
13000	1	0	0	0	1	0	0
13025	1	0	0	0	1	0	0
13050	0	0	0	0	1	0	0
13075	0	0	0	0	1	0	0
13100	0	0	0	0	1	0	0
13125	0	0	0	0	1	0	0
13150	0	0	0	0	1	0	0
13175	0	0	0	0	1	0	0
13200	0	0	0	0	1	0	0
13225	0	0	0	0	1	0	0
13250	0	0	0	0	1	0	0
13275	0	0	0	0	1	0	0
13300	0	0	0	0	1	0	0
13325	0	0	0	0	1	0	0
13350	0	0	0	0	1	0	0
13375	0	0	0	0	1	0	0
13400	0	0	0	0	1	0	0
13425	0	0	0	0	1	0	0
13450	0	0	0	0	1	0	0
13475	0	0	0	0	1	0	0
13500	0	0	0	0	1	0	0
13525	0	0	0	0	1	0	0
13550	0	0	0	0	1	0	0
13575	0	0	0	0	1	0	0
13600	0	0	0	0	1	0	0
13625	0	0	0	0	1	0	0
13650	0	0	0	0	1	0	0
13675	0	0	0	0	1	0	0
13700	0	0	0	0	1	0	0
13725	0	0	0	0	1	0	0
13750	1	0	0	0	1	0	0
13775	0	0	0	0	1	0	0
13800	0	0	0	0	1	0	0
13825	0	0	0	0	1	0	0
13850	1	0	0	0	1	0	0
13875	1	0	0	0	1	0	0
13900	0	0	0	0	1	0	0
13925	0	0	0	0	1	0	0
13950	0	0	0	0	1	0	0
13975	0	0	0	0	1	0	0
14000	0	0	0	0	1	0	0
14025	0	0	0	0	1	0	0
14050	0	0	0	0	1	0	0
14075	0	0	0	0	1	0	0
14100	0	0	0	0	1	0	0
14125	0	0	0	0	1	0	0
14150	0	0	0	0	1	0	0
14175	0	0	0	0	1	0	0
14200	0	0	0	0	1	0	0
14225	0	0	0	0	1	0	0
14250	0	0	0	0	1	0	0
14275	0	0	0	0	1	0	0
14300	0	0	0	0	1	0	0
14325	0	0	0	0	1	0	0
14350	0	0	0	0	1	0	0
14375	0	0	0	0	1	0	0
14400	0	0	0	0	1	0	0
14425	0	0	0	0	1	0	0
14450	0	0	0	0	1	0	0
14475	0	0	0	0	1	0	0
14500	0	0	0	0	1	0	0
14525	0	0	0	0	1	0	0
14550	0	0	0	0	1	0	0
14575	0	0	0	0	1	0	0
14600	0	0	0	0	1	0	0
14625	0	0	0	0	1	0	0
14650	0	0	0	0	1	0	0
14675	0	0	0	0	1	0	0
14700	1	0	0	0	1	0	0
14725	1	0	0	0	1	0	0
14750	1	0	0	0	1	0	0
14775	1	0	0	0	1	0	0
14800	1	0	0	0	1	0	0
14825	1	0	0	0	1	0	0
14850	1	0	0	0	1	0	0
14875	0	0	0	0	1	0	0
14900	0	0	0	0	1	0	0
14925	0	0	0	0	1	0	0
14950	0	0	0	0	1	0	0
14975	0	0	0	0	1	0	0
15000	0	0	0	0	1	0	0
15025	0	0	0	0	1	0	0
15050	0	0	0	0	1	0	0
15075	0	0	0	0	1	0	0
15100	1	0	0	0	0	0	0
15125	1	0	0	0	1	0	0
15150	1	0	0	0	1	0	0
15175	1	0	0	0	1	0	0
15200	0	0	0	0	1	0	0
15225	0	0	0	0	1	0	0
15250	0	0	0	0	1	0	0
15275	0	0	0	0	1	0	0
15300	0	0	0	0	1	0	0
15325	0	0	0	0	1	0	0
15350	0	0	0	0	1	0	0
15375	0	0	0	0	1	0	0
15400	0	0	0	0	1	0	0
15425	0	0	0	0	1	0	0
15450	0	0	0	0	1	0	0
15475	0	0	0	0	1	0	0
15500	0	0	0	0	1	0	0
15525	0	0	0	0	0	0	0
15550	0	0	0	0	0	0	0
15575	0	0	0	0	0	0	0
15600	0	0	0	0	0	0	0
15625	0	0	0	0	0	0	0
15650	0	0	0	0	0	0	0
15675	0	0	0	0	0	0	0
15700	0	0	0	0	0	0	0
15725	0	0	0	0	0	0	0
15750	0	0	0	0	0	0	0
15775	0	0	0	1	0	0	0
15800	1	0	0	1	0	0	0
15825	0	0	0	1	0	0	0
15850	0	0	0	1	0	0	0
15875	0	0	0	1	0	0	0
15900	0	0	0	1	0	0	0
15925	0	0	0	1	0	0	0
15950	0	0	0	1	0	0	0
15975	0	0	0	1	0	0	0
16000	0	0	0	1	0	0	0
16025	0	0	0	1	0	0	0
16050	0	0	0	1	0	0	0
16075	0	0	0	1	0	0	0
16100	0	0	0	1	0	0	0
16125	0	0	0	1	0	0	0
16150	0	0	0	1	0	0	0
16175	0	0	0	1	0	0	0
16200	0	0	0	1	0	0	0
16225	0	0	0	1	0	0	0
16250	0	0	0	1	0	0	0
16275	0	0	0	1	0	0	0
16300	0	0	0	0	0	0	0
16325	0	0	0	0	0	0	0
16350	0	0	0	0	0	0	0
16375	0	0	0	0	0	0	0
16400	0	0	0	0	0	0	0
16425	0	0	0	0	0	0	0
16450	0	0	0	0	0	0	0
16475	0	0	0	0	0	0	0
16500	0	0	0	0	0	0	0
16525	0	0	0	1	0	0	0
16550	0	0	0	1	0	0	0
16575	0	0	0	1	0	0	0
16600	0	0	0	1	0	0	0
16625	0	0	0	1	0	0	0
16650	0	0	0	1	0	0	0
16675	0	0	0	1	0	0	0
16700	0	0	0	1	0	0	0
16725	0	0	0	1	0	0	0
16750	0	0	0	1	0	0	0
16775	0	0	0	1	0	0	0
16800	0	0	0	1	0	0	0
16825	0	0	0	1	0	0	0
16850	0	0	0	1	0	0	0
16875	0	0	0	1	0	0	0
16900	0	0	0	1	0	0	0
16925	0	0	0	1	0	0	0
16950	0	0	0	1	0	0	0
16975	0	0	0	1	0	0	0
17000	0	0	0	1	0	0	0
17025	0	0	0	1	0	0	0
17050	0	0	0	1	0	0	0
17075	0	0	0	0	0	0	0
17100	0	0	0	0	0	0	0
17125	0	0	0	0	0	0	0
17150	0	0	0	0	0	0	0
17175	0	0	0	0	0	0	0
17200	0	0	0	0	0	0	0
17225	0	0	0	0	0	0	0
17250	0	0	0	0	0	0	0
17275	0	0	0	0	0	0	0
17300	1	0	0	0	0	0	0
17325	0	0	0	0	0	0	0
17350	0	0	0	0	0	0	0
17375	0	0	0	0	0	0	0
17400	0	0	1	0	0	0	0
17425	0	0	1	0	0	0	0
17450	0	0	1	0	0	0	0
17475	0	0	1	0	0	0	0
17500	0	0	1	0	0	0	0
17525	0	0	1	0	0	0	0
17550	0	0	1	0	0	0	0
17575	0	0	1	0	0	0	0
17600	0	0	1	0	0	0	0
17625	0	0	1	0	0	0	0
17650	0	0	1	0	0	0	0
17675	0	0	1	0	0	0	0
17700	0	0	1	0	0	0	0
17725	0	0	1	0	0	0	0
17750	0	0	1	0	0	0	0
17775	0	0	1	0	0	0	0
17800	1	0	1	0	0	0	0
17825	0	0	1	0	0	0	0
17850	1	0	1	0	0	0	0
17875	1	0	1	0	0	0	0
17900	1	0	1	0	0	0	0
17925	0	0	1	0	0	0	0
17950	0	0	1	0	0	0	0
17975	0	0	1	0	0	0	0
18000	0	0	1	0	0	0	0
18025	0	0	1	0	0	0	0
18050	0	0	1	0	0	0	0
18075	0	0	1	0	0	0	0
18100	0	0	1	0	0	0	0
18125	0	0	1	0	0	0	0
18150	0	0	1	0	0	0	0
18175	0	0	1	0	0	0	0
18200	0	0	1	0	0	0	0
18225	0	0	1	0	0	0	0
18250	0	0	1	0	0	0	0
18275	0	0	1	0	0	0	0
18300	0	0	1	0	0	0	0
18325	0	0	1	0	0	0	0
18350	0	0	1	0	0	0	0
18375	0	0	1	0	0	0	0
18400	0	0	1	0	0	0	0
18425	0	0	1	0	0	0	0
18450	0	0	1	0	0	0	0
18475	0	0	1	0	0	0	0
18500	0	0	1	0	0	0	0
18525	0	0	1	0	0	0	0
18550	0	0	1	0	0	0	0
18575	0	0	1	0	0	0	0
18600	0	0	1	0	0	0	0
18625	0	0	1	0	0	0	0
18650	0	0	1	0	0	0	0
18675	0	0	1	0	0	0	0
18700	0	0	1	0	0	0	0
18725	0	0	1	0	0	0	0
18750	0	0	1	0	0	0	0
18775	0	0	1	0	0	0	0
18800	0	0	1	0	0	0	0
18825	0	0	1	0	0	0	0
18850	0	0	1	0	0	0	0
18875	0	0	1	0	0	0	0
18900	0	0	1	0	0	0	0
18925	0	0	1	0	0	0	0
18950	0	0	1	0	0	0	0
18975	0	0	1	0	0	0	0
19000	0	0	1	0	0	0	0
19025	0	0	1	0	0	0	0
19050	0	0	1	0	0	0	0
19075	0	0	1	0	0	0	0
19100	0	0	1	0	0	0	0
19125	0	0	1	0	0	0	0
19150	0	0	1	0	0	0	0
19175	0	0	1	0	0	0	0
19200	0	0	1	0	0	0	0
19225	0	0	1	0	0	0	0
19250	0	0	1	0	0	0	0
19275	0	0	1	0	0	0	0
19300	0	0	1	0	0	0	0
19325	0	0	1	0	0	0	0
19350	0	0	1	0	0	0	0
19375	0	0	1	0	0	0	0
19400	0	0	1	0	0	0	0
19425	0	0	1	0	0	0	0
19450	0	0	1	0	0	0	0
19475	0	0	1	0	0	0	0
19500	0	0	1	0	0	0	0
19525	0	0	1	0	0	0	0
19550	0	0	1	0	0	0	0
19575	0	0	1	0	0	0	0
19600	0	0	1	0	0	0	0
19625	0	0	1	0	0	0	0
19650	0	0	1	0	0	0	0
19675	0	0	1	0	0	0	0
19700	0	0	1	0	0	0	0
19725	0	0	1	0	0	0	0
19750	0	0	1	0	0	0	0
19775	0	0	1	0	0	0	0
19800	0	0	1	0	0	0	0
19825	0	0	1	0	0	0	0
19850	0	0	1	0	0	0	0
19875	0	0	1	0	0	0	0
19900	0	0	1	0	0	0	0
19925	0	0	1	0	0	0	0
19950	0	0	1	0	0	0	0
19975	0	0	1	0	0	0	0
20000	0	0	1	0	0	0	0
20025	0	0	1	0	0	0	0
20050	0	0	1	0	0	0	0
20075	0	0	1	0	0	0	0
20100	0	0	1	0	0	0	0
20125	0	0	1	0	0	0	0
20150	0	0	1	0	0	0	0
20175	0	0	1	0	0	0	0
20200	0	0	1	0	0	0	0
20225	0	0	1	0	0	0	0
20250	0	0	1	0	0	0	0
20275	0	0	1	0	0	0	0
20300	0	0	1	0	0	0	0
20325	0	0	1	0	0	0	0
20350	0	0	1	0	0	0	0
20375	0	0	1	0	0	0	0
20400	0	0	1	0	0	0	0
20425	0	0	1	0	0	0	0
20450	0	0	1	0	0	0	0
20475	0	0	1	0	0	0	0
20500	0	0	1	0	0	0	0
20525	0	0	1	0	0	0	0
20550	0	0	1	0	0	0	0
20575	0	0	1	0	0	0	0
20600	0	0	1	0	0	0	0
20625	0	0	1	0	0	0	0
20650	0	0	1	0	0	0	0
20675	0	0	1	0	0	0	0
20700	0	0	1	0	0	0	0
20725	0	0	1	0	0	0	0
20750	0	0	1	0	0	0	0
20775	0	0	1	0	0	0	0
20800	0	0	1	0	0	0	0
20825	0	0	1	0	0	0	0
20850	0	0	1	0	0	0	0
20875	0	0	1	0	0	0	0
20900	0	0	1	0	0	0	0
20925	0	0	1	0	0	0	0
20950	0	0	1	0	0	0	0
20975	0	0	1	0	0	0	0
21000	0	0	1	0	0	0	0
21025	0	0	1	0	0	0	0
21050	0	0	1	0	0	0	0
21075	0	0	1	0	0	0	0
21100	0	0	1	0	0	0	0
21125	0	0	1	0	0	0	0
21150	0	0	1	0	0	0	0
21175	0	0	1	0	0	0	0
21200	0	0	1	0	0	0	0
21225	0	0	1	0	0	0	0
21250	0	0	1	0	0	0	0
21275	0	0	1	0	0	0	0
21300	0	0	1	0	0	0	0
21325	0	0	1	0	0	0	0
21350	0	0	1	0	0	0	0
21375	0	0	1	0	0	0	0
21400	0	0	1	0	0	0	0
21425	1	0	1	0	0	0	0
21450	1	0	1	0	0	0	0
21475	0	0	1	0	0	0	0
21500	1	0	1	0	0	0	0
21525	1	0	1	0	0	0	0
21550	1	0	1	0	0	0	0
21575	1	0	1	0	0	0	0
21600	0	0	1	0	0	0	0
21625	0	0	1	0	0	0	0
21650	0	0	1	0	0	0	0
21675	0	0	1	0	0	0	0
21700	0	0	1	0	0	0	0
21725	0	0	1	0	0	0	0
21750	0	0	1	0	0	0	0
21775	0	0	1	0	0	0	0
21800	0	0	1	0	0	0	0
21825	0	0	1	0	0	0	0
21850	0	0	1	0	0	0	0
21875	0	0	1	0	0	0	0
21900	0	0	1	0	0	0	0
21925	0	0	1	0	0	0	0
21950	0	0	1	0	0	0	0
21975	0	0	1	0	0	0	0
22000	0	0	1	0	0	0	0
22025	0	0	1	0	0	0	0
22050	0	0	1	0	0	0	0
22075	0	0	1	0	0	0	0
22100	0	0	1	0	0	0	0
22125	0	0	1	0	0	0	0
22150	0	0	1	0	0	0	0
22175	0	0	1	0	0	0	0
22200	0	0	1	0	0	0	0
22225	0	0	1	0	0	0	0
22250	0	0	1	0	0	0	0
22275	0	0	1	0	0	0	0
22300	0	0	1	0	0	0	0
22325	0	0	1	0	0	0	0
22350	0	0	1	0	0	0	0
22375	0	0	1	0	0	0	0
22400	0	0	1	0	0	0	0
22425	0	0	1	0	0	0	0
22450	0	0	1	0	0	0	0
22475	0	0	1	0	0	0	0
22500	0	0	1	0	0	0	0
22525	0	0	1	0	0	0	0
22550	0	0	1	0	0	0	0
22575	0	0	1	0	0	0	0
22600	0	0	1	0	0	0	0
22625	0	0	1	0	0	0	0
22650	0	0	1	0	0	0	0
22675	0	0	1	0	0	0	0
22700	0	0	1	0	0	0	0
22725	0	0	1	0	0	0	0
22750	0	0	1	0	0	0	0
22775	0	0	1	0	0	0	0
22800	0	0	1	0	0	0	0
22825	0	0	1	0	0	0	0
22850	0	0	1	0	0	0	0
22875	0	0	1	0	0	0	0
22900	0	0	1	0	0	0	0
22925	0	0	1	0	0	0	0
22950	0	0	1	0	0	0	0
22975	0	0	1	0	0	0	0
23000	1	0	1	0	0	0	0
23025	1	0	1	0	0	0	0
23050	0	0	1	0	0	0	0
23075	0	0	1	0	0	0	0
23100	0	0	1	0	0	0	0
23125	0	0	1	0	0	0	0
23150	0	0	1	0	0	0	0
23175	0	0	1	0	0	0	0
23200	0	0	1	0	0	0	0
23225	0	0	1	0	0	0	0
23250	0	0	1	0	0	0	0
23275	0	0	1	0	0	0	0
23300	0	0	1	0	0	0	0
23325	0	0	1	0	0	0	0
23350	0	0	1	0	0	0	0
23375	0	0	1	0	0	0	0
23400	0	0	1	0	0	0	0
23425	0	0	1	0	0	0	0
23450	0	0	1	0	0	0	0
23475	0	0	1	0	0	0	0
23500	0	0	1	0	0	0	0
23525	0	0	1	0	0	0	0
23550	0	0	1	0	0	0	0
23575	0	0	1	0	0	0	0
23600	0	0	1	0	0	0	0
23625	0	0	1	0	0	0	0
23650	0	0	1	0	0	0	0
23675	0	0	1	0	0	0	0
23700	1	0	1	0	0	0	0
23725	1	0	1	0	0	0	0
23750	1	0	1	0	0	0	0
23775	1	0	1	0	0	0	0
23800	1	0	1	0	0	0	0
23825	1	0	1	0	0	0	0
23850	1	0	1	0	0	0	0
23875	1	0	1	0	0	0	0
23900	1	0	1	0	0	0	0
23925	0	0	1	0	0	0	0
23950	0	0	1	0	0	0	0
23975	0	0	1	0	0	0	0
24000	0	0	1	0	0	0	0
24025	0	0	1	0	0	0	0
24050	0	0	1	0	0	0	0
24075	0	0	1	0	0	0	0
24100	0	0	1	0	0	0	0
24125	0	0	1	0	0	0	0
24150	0	0	1	0	0	0	0
24175	0	0	1	0	0	0	0
24200	0	0	1	0	0	0	0
24225	0	0	1	0	0	0	0
24250	0	0	1	0	0	0	0
24275	0	0	1	0	0	0	0
24300	0	0	1	0	0	0	0
24325	0	0	1	0	0	0	0
24350	0	0	1	0	0	0	0
24375	0	0	1	0	0	0	0
24400	0	0	1	0	0	0	0
24425	0	0	1	0	0	0	0
24450	0	0	1	0	0	0	0
24475	0	0	1	0	0	0	0
24500	0	0	1	0	0	0	0
24525	0	0	1	0	0	0	0
24550	0	0	1	0	0	0	0
24575	0	0	1	0	0	0	0
24600	0	0	1	0	0	0	0
24625	0	0	1	0	0	0	0
24650	0	0	1	0	0	0	0
24675	0	0	1	0	0	0	0
24700	0	0	1	0	0	0	0
24725	0	0	1	0	0	0	0
24750	0	0	1	0	0	0	0
24775	0	0	1	0	0	0	0
24800	0	0	1	0	0	0	0
24825	0	0	1	0	0	0	0
24850	0	0	1	0	0	0	0
24875	0	0	1	0	0	0	0
24900	0	0	1	0	0	0	0
24925	0	0	1	0	0	0	0
24950	0	0	1	0	0	0	0
24975	0	0	1	0	0	0	0
25000	0	0	1	0	0	0	0
25025	0	0	1	0	0	0	0
25050	0	0	1	0	0	0	0
25075	0	0	1	0	0	0	0
25100	0	0	1	0	0	0	0
25125	0	0	1	0	0	0	0
25150	0	0	1	0	0	0	0
25175	0	0	1	0	0	0	0
25200	1	0	1	0	0	0	0
25225	1	0	1	0	0	0	0
25250	0	0	1	0	0	0	0
25275	0	0	1	0	0	0	0
25300	0	0	1	0	0	0	0
25325	0	0	1	0	0	0	0
25350	0	0	1	0	0	0	0
25375	0	0	1	0	0	0	0
25400	0	0	1	0	0	0	0
25425	0	0	1	0	0	0	0
25450	0	0	1	0	0	0	0
25475	0	0	1	0	0	0	0
25500	0	0	1	0	0	0	0
25525	0	0	1	0	0	0	0
25550	0	0	1	0	0	0	0
25575	0	0	1	0	0	0	0
25600	0	0	1	0	0	0	0
25625	0	0	1	0	0	0	0
25650	0	0	1	0	0	0	0
25675	0	0	1	0	0	0	0
25700	0	0	1	0	0	0	0
25725	0	0	1	0	0	0	0
25750	0	0	1	0	0	0	0
25775	0	0	1	0	0	0	0
25800	0	0	1	0	0	0	0
25825	0	0	1	0	0	0	0
25850	0	0	1	0	0	0	0
25875	0	0	1	0	0	0	0
25900	0	0	1	0	0	0	0
25925	0	0	1	0	0	0	0
25950	0	0	1	0	0	0	0
25975	0	0	1	0	0	0	0
26000	1	0	1	0	0	0	0
26025	0	0	1	0	0	0	0
26050	0	0	1	0	0	0	0
26075	0	0	1	0	0	0	0
26100	0	0	1	0	0	0	0
26125	0	0	1	0	0	0	0
26150	0	0	1	0	0	0	0
26175	0	0	1	0	0	0	0
26200	0	0	1	0	0	0	0
26225	0	0	1	0	0	0	0
26250	0	0	1	0	0	0	0
26275	0	0	1	0	0	0	0
26300	0	0	1	0	0	0	0
26325	0	0	1	0	0	0	0
26350	0	0	1	0	0	0	0
26375	0	0	1	0	0	0	0
26400	0	0	1	0	0	0	0
26425	0	0	1	0	0	0	0
26450	0	0	1	0	0	0	0
26475	0	0	1	0	0	0	0
26500	0	0	1	0	0	0	0
26525	0	0	1	0	0	0	0
26550	0	0	1	0	0	0	0
26575	0	0	1	0	0	0	0
26600	0	0	1	0	0	0	0
26625	0	0	1	0	0	0	0
26650	0	0	1	0	0	0	0
26675	0	0	1	0	0	0	0
26700	0	0	1	0	0	0	0
26725	0	0	1	0	0	0	0
26750	0	0	1	0	0	0	0
26775	0	0	1	0	0	0	0
26800	0	0	1	0	0	0	0
26825	0	0	1	0	0	0	0
26850	0	0	1	0	0	0	0
26875	0	0	1	0	0	0	0
26900	0	0	1	0	0	0	0
26925	0	0	1	0	0	0	0
26950	0	0	1	0	0	0	0
26975	0	0	1	0	0	0	0
27000	0	0	1	0	0	0	0
27025	0	0	1	0	0	0	0
27050	0	0	1	0	0	0	0
27075	0	0	1	0	0	0	0
27100	0	0	1	0	0	0	0
27125	0	0	1	0	0	0	0
27150	0	0	1	0	0	0	0
27175	0	0	1	0	0	0	0
27200	0	0	1	0	0	0	0
27225	0	0	1	0	0	0	0
27250	0	0	1	0	0	0	0
27275	0	0	1	0	0	0	0
27300	1	0	1	0	0	0	0
27325	1	0	1	0	0	0	0
27350	1	0	1	0	0	0	0
27375	1	0	1	0	0	0	0
27400	1	0	1	0	0	0	0
27425	1	0	1	0	0	0	0
27450	1	0	1	0	0	0	0
27475	1	0	1	0	0	0	0
27500	1	0	1	0	0	0	0
27525	1	0	1	0	0	0	0
27550	1	0	1	0	0	0	0
27575	1	0	1	0	0	0	0
27600	1	0	1	0	0	0	0
27625	1	0	1	0	0	0	0
27650	1	0	1	0	0	0	0
27675	1	0	1	0	0	0	0
27700	0	0	1	0	0	0	0
27725	0	0	1	0	0	0	0
27750	0	0	1	0	0	0	0
27775	0	0	1	0	0	0	0
27800	0	0	1	0	0	0	0
27825	0	0	1	0	0	0	0
27850	0	0	1	0	0	0	0
27875	0	0	1	0	0	0	0
27900	0	0	1	0	0	0	0
27925	0	0	1	0	0	0	0
27950	0	0	1	0	0	0	0
27975	0	0	1	0	0	0	0
28000	0	0	1	0	0	0	0
28025	0	0	1	0	0	0	0
28050	0	0	1	0	0	0	0
28075	0	0	1	0	0	0	0
28100	0	0	1	0	0	0	0
28125	0	0	1	0	0	0	0
28150	0	0	1	0	0	0	0
28175	0	0	1	0	0	0	0
28200	1	0	1	0	0	0	0
28225	1	0	1	0	0	0	0
28250	1	0	1	0	0	0	0
28275	1	0	1	0	0	0	0
28300	1	0	1	0	0	0	0
28325	1	0	1	0	0	0	0
28350	1	0	1	0	0	0	0
28375	1	0	1	0	0	0	0
28400	1	0	1	0	0	0	0
28425	0	0	0	0	0	0	0
28450	0	0	0	0	0	0	0
28475	0	0	0	0	0	0	0
28500	1	0	1	0	0	0	0
28525	1	0	0	0	0	0	0
28550	1	0	1	0	0	0	0
28575	1	0	1	0	0	0	0
28600	0	0	1	0	0	0	0
28625	0	0	1	0	0	0	0
28650	0	0	1	0	0	0	0
28675	0	0	1	0	0	0	0
28700	0	0	1	0	0	0	0
28725	0	0	1	0	0	0	0
28750	0	0	1	0	0	0	0
28775	0	0	1	0	0	0	0
28800	0	0	1	0	0	0	0
28825	0	0	1	0	0	0	0
28850	0	0	1	0	0	0	0
28875	0	0	1	0	0	0	0
28900	0	0	1	0	0	0	0
28925	0	0	1	0	0	0	0
28950	1	0	1	0	0	0	0
28975	1	0	1	0	0	0	0
29000	0	0	1	0	0	0	0
29025	0	0	1	0	0	0	0
29050	0	0	1	0	0	0	0
29075	0	0	1	0	0	0	0
29100	0	0	1	0	0	0	0
29125	0	0	1	0	0	0	0
29150	0	0	1	0	0	0	0
29175	0	0	1	0	0	0	0
29200	0	0	1	0	0	0	0
29225	0	0	1	0	0	0	0
29250	0	0	1	0	0	0	0
29275	0	0	1	0	0	0	0
29300	0	0	1	0	0	0	0
29325	0	0	1	0	0	0	0
29350	0	0	1	0	0	0	0
29375	0	0	1	0	0	0	0
29400	0	0	1	0	0	0	0
29425	0	0	1	0	0	0	0
29450	0	0	1	0	0	0	0
29475	1	0	1	0	0	0	0
29500	0	0	1	0	0	0	0
29525	1	0	0	0	0	0	0
29550	1	0	0	0	0	0	0
29575	1	0	1	0	0	0	0
29600	1	0	1	0	0	0	0
29625	1	0	1	0	0	0	0
29650	1	0	1	0	0	0	0
29675	1	0	1	0	0	0	0
29700	1	0	1	0	0	0	0
29725	1	0	1	0	0	0	0
29750	1	0	1	0	0	0	0
29775	1	0	1	0	0	0	0
29800	0	0	1	0	0	0	0
29825	0	0	1	0	0	0	0
29850	0	0	1	0	0	0	0
29875	0	0	1	0	0	0	0
29900	0	0	1	0	0	0	0
29925	0	0	1	0	0	0	0
29950	0	0	1	0	0	0	0
29975	0	0	1	0	0	0	0
30000	0	0	1	0	0	0	0
30025	0	0	1	0	0	0	0
30050	0	0	1	0	0	0	0
30075	0	0	1	0	0	0	0
30100	0	0	1	0	0	0	0
30125	0	0	1	0	0	0	0
30150	0	0	1	0	0	0	0
30175	0	0	0	0	0	0	0
30200	1	0	1	0	0	0	0
30225	1	0	1	0	0	0	0
30250	1	0	1	0	0	0	0
30275	1	0	1	0	0	0	0
30300	1	0	1	0	0	0	0
30325	1	0	1	0	0	0	0
30350	1	0	1	0	0	0	0
30375	1	0	1	0	0	0	0
30400	1	0	1	0	0	0	0
30425	1	0	1	0	0	0	0
30450	1	0	1	0	0	0	0
30475	1	0	1	0	0	0	0
30500	1	0	1	0	0	0	0
30525	1	0	1	0	0	0	0
30550	1	0	1	0	0	0	0
30575	1	0	1	0	0	0	0
30600	1	0	1	0	0	0	0
30625	1	0	1	0	0	0	0
30650	1	0	1	0	0	0	0
30675	1	0	1	0	0	0	0
30700	1	0	1	0	0	0	0
30725	1	0	1	0	0	0	0
30750	1	0	1	0	0	0	0
30775	1	0	1	0	0	0	0
30800	1	0	1	0	0	0	0
30825	1	0	1	0	0	0	0
30850	1	0	1	0	0	0	0
30875	1	0	0	0	0	0	0
30900	1	0	1	0	0	0	0
30925	1	0	1	0	0	0	0
30950	1	0	1	0	0	0	0
30975	1	0	1	0	0	0	0
31000	1	0	1	0	0	0	0
31025	1	0	1	0	0	0	0
31050	1	0	1	0	0	0	0
31075	1	0	1	0	0	0	0
31100	1	0	1	0	0	0	0
31125	1	0	1	0	0	0	0
31150	0	0	1	0	0	0	0
31175	0	0	0	0	0	0	0
31200	1	0	0	0	0	0	0
31225	1	0	0	0	0	0	0
31250	1	0	0	0	0	0	0
31275	1	0	0	0	0	0	0
31300	1	0	0	0	0	0	0
31325	1	0	0	0	0	0	0
31350	1	0	0	0	0	0	0
31375	1	0	0	0	0	0	0
31400	1	0	0	0	0	0	0
31425	1	0	0	0	0	0	0
31450	1	0	0	0	0	0	0
31475	1	0	0	0	0	0	0
31500	1	1	0	0	0	0	0
31525	1	1	0	0	0	0	0
31550	1	1	0	0	0	0	0
31575	1	1	0	0	0	0	0
31600	1	1	0	0	0	0	0
31625	1	1	0	0	0	0	0
31650	1	1	0	0	0	0	0
31675	1	1	0	0	0	0	0
31700	1	1	0	0	0	0	0
31725	1	1	0	0	0	0	0
31750	1	1	0	0	0	0	0
31775	0	1	0	0	0	0	0
31800	0	1	0	0	0	0	0
31825	0	1	0	0	0	0	0
31850	0	1	0	0	0	0	0
31875	0	1	0	0	0	0	0
31900	0	1	0	0	0	0	0
31925	0	1	0	0	0	0	0
31950	1	1	0	0	0	0	0
31975	1	0	0	0	0	0	0
32000	1	0	0	0	0	0	0
32025	1	0	0	0	0	0	0
32050	1	0	0	0	0	0	0
32075	1	0	0	0	0	0	0
32100	1	0	0	0	0	0	0
32125	1	0	0	0	0	0	0
32150	1	0	0	0	0	0	0
32175	1	0	0	0	0	0	0
32200	1	0	0	0	0	0	0
32225	1	0	0	0	0	0	0
32250	1	0	0	0	0	0	0
32275	1	0	0	0	0	0	0
32300	1	0	1	0	0	0	0
32325	1	0	1	0	0	0	0
32350	1	0	1	0	0	0	0
32375	1	0	1	0	0	0	0
32400	1	0	1	0	0	0	0
32425	1	0	1	0	0	0	0
32450	1	0	1	0	0	0	0
32475	1	0	1	0	0	0	0
32500	1	0	1	0	0	0	0
32525	1	0	1	0	0	0	0
32550	1	0	1	0	0	0	0
32575	1	0	1	0	0	0	0
32600	1	0	1	0	0	0	0
32625	1	0	1	0	0	0	0
32650	1	0	1	0	0	0	0
32675	1	0	1	0	0	0	0
32700	1	0	1	0	0	0	0
32725	1	0	1	0	0	0	0
32750	1	0	1	0	0	0	0
32775	0	0	1	0	0	0	0
32800	1	0	1	0	0	0	0
32825	1	0	1	0	0	0	0
32850	1	0	1	0	0	0	0
32875	1	0	1	0	0	0	0
32900	1	0	1	0	0	0	0
32925	1	0	1	0	0	0	0
32950	1	0	1	0	0	0	0
32975	1	0	1	0	0	0	0
33000	1	0	1	0	0	0	0
33025	1	0	1	0	0	0	0
33050	1	0	1	0	0	0	0
33075	1	0	1	0	0	0	0
33100	1	0	1	0	0	0	0
33125	1	0	1	0	0	0	0
33150	1	0	1	0	0	0	0
33175	1	0	0	0	0	0	0
33200	1	0	0	0	0	0	0
33225	1	0	0	0	0	0	0
33250	0	0	0	0	0	0	0
33275	0	0	0	0	0	0	0
33300	0	0	0	0	0	0	0
33325	0	0	0	0	0	0	0
33350	0	0	0	0	0	0	0
33375	1	0	0	0	0	0	0
33400	1	0	0	0	0	0	0
33425	1	1	0	0	0	0	0
33450	1	1	0	0	0	0	0
33475	1	1	0	0	0	0	0
33500	1	1	0	0	0	0	0
33525	1	1	0	0	0	0	0
33550	1	1	0	0	0	0	0
33575	1	1	0	0	0	0	0
33600	1	1	0	0	0	0	0
33625	1	1	0	0	0	0	0
33650	1	1	0	0	0	0	0
33675	1	1	0	0	0	0	0
33700	1	1	0	0	0	0	0
33725	1	1	0	0	0	0	0
33750	1	1	0	0	0	0	0
33775	0	1	0	0	0	0	0
33800	0	1	0	0	0	0	0
33825	0	1	0	0	0	0	0
33850	0	1	0	0	0	0	0
33875	0	1	0	0	0	0	0
33900	0	1	0	0	0	0	0
33925	0	1	0	0	0	0	0
33950	0	1	0	0	0	0	0
33975	1	0	0	0	0	0	0
34000	1	0	0	0	0	0	0
34025	1	0	0	0	0	0	0
34050	1	0	0	0	0	0	0
34075	1	0	0	0	0	0	0
34100	1	0	0	0	0	0	0
34125	1	0	0	0	0	0	0
34150	1	0	0	0	0	0	0
34175	1	0	0	0	0	0	0
34200	1	0	1	0	0	0	0
34225	1	0	1	0	0	0	0
34250	1	0	1	0	0	0	0
34275	1	0	1	0	0	0	0
34300	1	0	1	0	0	0	0
34325	1	0	1	0	0	0	0
34350	1	0	1	0	0	0	0
34375	1	0	1	0	0	0	0
34400	1	0	1	0	0	0	0
34425	1	0	1	0	0	0	0
34450	1	0	1	0	0	0	0
34475	1	0	1	0	0	0	0
34500	1	0	1	0	0	0	0
34525	0	0	1	0	0	0	0
34550	1	0	1	0	0	0	0
34575	1	0	1	0	0	0	0
34600	0	0	1	0	0	0	0
34625	0	0	1	0	0	0	0
34650	1	0	1	0	0	0	0
34675	1	0	1	0	0	0	0
34700	1	0	1	0	0	0	0
34725	1	0	1	0	0	0	0
34750	1	0	1	0	0	0	0
34775	1	0	1	0	0	0	0
34800	1	0	1	0	0	0	0
34825	1	0	1	0	0	0	0
34850	1	0	1	0	0	0	0
34875	0	0	1	0	0	0	0
34900	0	0	1	0	0	0	0
34925	1	0	1	0	0	0	0
34950	1	0	1	0	0	0	0
34975	1	0	1	0	0	0	0
35000	1	0	1	0	0	0	0
35025	1	0	1	0	0	0	0
35050	1	0	1	0	0	0	0
35075	1	0	1	0	0	0	0
35100	1	0	1	0	0	0	0
35125	1	0	1	0	0	0	0
35150	1	0	1	0	0	0	0
35175	1	0	1	0	0	0	0
35200	1	0	1	0	0	0	0
35225	1	0	1	0	0	0	0
35250	1	0	1	0	0	0	0
35275	1	0	1	0	0	0	0
35300	1	0	1	0	0	0	0
35325	1	0	1	0	0	0	0
35350	1	0	1	0	0	0	0
35375	1	0	1	0	0	0	0
35400	1	0	1	0	0	0	0
35425	1	0	1	0	0	0	0
35450	1	0	1	0	0	0	0
35475	1	0	1	0	0	0	0
35500	1	0	1	0	0	0	0
35525	1	0	1	0	0	0	0
35550	1	0	1	0	0	0	0
35575	1	0	1	0	0	0	0
35600	1	0	1	0	0	0	0
35625	1	0	1	0	0	0	0
35650	1	0	1	0	0	0	0
35675	1	0	1	0	0	0	0
35700	1	0	1	0	0	0	0
35725	1	0	1	0	0	0	0
35750	1	0	1	0	0	0	0
35775	1	0	1	0	0	0	0
35800	1	0	1	0	0	0	0
35825	1	0	1	0	0	0	0
35850	1	0	1	0	0	0	0
35875	1	0	1	0	0	0	0
35900	1	0	1	0	0	0	0
35925	1	0	1	0	0	0	0
35950	1	0	1	0	0	0	0
35975	1	0	1	0	0	0	0
36000	1	0	1	0	0	0	0
36025	1	0	1	0	0	0	0
36050	1	0	1	0	0	0	0
36075	1	0	1	0	0	0	0
36100	1	0	1	0	0	0	0
36125	1	0	1	0	0	0	0
36150	1	0	1	0	0	0	0
36175	1	0	1	0	0	0	0
36200	1	0	1	0	0	0	0
36225	1	0	1	0	0	0	0
36250	1	0	1	0	0	0	0
36275	1	0	1	0	0	0	0
36300	1	0	1	0	0	0	0
36325	0	0	1	0	0	0	0
36350	0	0	1	0	0	0	0
36375	0	0	1	0	0	0	0
36400	0	0	1	0	0	0	0
36425	0	0	1	0	0	0	0
36450	0	0	1	0	0	0	0
36475	0	0	0	0	0	0	0
36500	0	0	1	0	0	0	0
36525	0	0	1	0	0	0	0
36550	0	0	1	0	0	0	0
36575	0	0	1	0	0	0	0
36600	0	0	1	0	0	0	0
36625	0	0	1	0	0	0	0
36650	0	0	1	0	0	0	0
36675	0	0	1	0	0	0	0
36700	0	0	1	0	0	0	0
36725	0	0	1	0	0	0	0
36750	0	0	1	0	0	0	0
36775	0	0	1	0	0	0	0
36800	0	0	1	0	0	0	0
36825	1	0	1	0	0	0	0
36850	1	0	1	0	0	0	0
36875	1	0	1	0	0	0	0
36900	1	0	1	0	0	0	0
36925	1	0	1	0	0	0	0
36950	1	0	1	0	0	0	0
36975	1	0	1	0	0	0	0
37000	1	0	1	0	0	0	0
37025	1	0	1	0	0	0	0
37050	1	0	1	0	0	0	0
37075	1	0	1	0	0	0	0
37100	1	0	1	0	0	0	0
37125	1	0	1	0	0	0	0
37150	1	0	1	0	0	0	0
37175	1	0	1	0	0	0	0
37200	1	0	1	0	0	0	0
37225	1	0	1	0	0	0	0
37250	1	0	1	0	0	0	0
37275	1	0	1	0	0	0	0
37300	1	0	1	0	0	0	0
37325	1	0	1	0	0	0	0
37350	1	0	1	0	0	0	0
37375	0	0	1	0	0	0	0
37400	0	0	1	0	0	0	0
37425	0	0	1	0	0	0	0
37450	0	0	1	0	0	0	0
37475	0	0	1	0	0	0	0
37500	0	0	1	0	0	0	0
37525	0	0	1	0	0	0	0
37550	1	0	1	0	0	0	0
37575	1	0	1	0	0	0	0
37600	1	0	1	0	0	0	0
37625	1	0	1	0	0	0	0
37650	1	0	1	0	0	0	0
37675	1	0	1	0	0	0	0
37700	1	0	1	0	0	0	0
37725	0	0	1	0	0	0	0
37750	0	0	1	0	0	0	0
37775	0	0	1	0	0	0	0
37800	0	0	1	0	0	0	0
37825	0	0	1	0	0	0	0
37850	0	0	1	0	0	0	0
37875	1	0	1	0	0	0	0
37900	1	0	1	0	0	0	0
37925	1	0	1	0	0	0	0
37950	1	0	1	0	0	0	0
37975	1	0	1	0	0	0	0
38000	1	0	1	0	0	0	0
38025	1	0	1	0	0	0	0
38050	1	0	1	0	0	0	0
38075	1	0	1	0	0	0	0
38100	1	0	1	0	0	0	0
38125	0	0	1	0	0	0	0
38150	0	0	1	0	0	0	0
38175	1	0	1	0	0	0	0
38200	0	0	1	0	0	0	0
38225	1	0	1	0	0	0	0
38250	1	0	1	0	0	0	0
38275	0	0	1	0	0	0	0
38300	0	0	1	0	0	0	0
38325	0	0	1	0	0	0	0
38350	0	0	1	0	0	0	0
38375	0	0	1	0	0	0	0
38400	0	0	1	0	0	0	0
38425	0	0	1	0	0	0	0
38450	0	0	1	0	0	0	0
38475	0	0	1	0	0	0	0
38500	0	0	1	0	0	0	0
38525	1	0	1	0	0	0	0
38550	1	0	1	0	0	0	0
38575	1	0	1	0	0	0	0
38600	1	0	1	0	0	0	0
38625	1	0	1	0	0	0	0
38650	1	0	1	0	0	0	0
38675	1	0	1	0	0	0	0
38700	1	0	1	0	0	0	0
38725	1	0	1	0	0	0	0
38750	1	0	1	0	0	0	0
38775	1	0	1	0	0	0	0
38800	0	0	0	0	0	0	0
38825	0	0	0	0	0	0	0
38850	0	0	0	0	0	0	0
38875	1	0	0	0	0	0	0
38900	1	0	0	0	0	0	0
38925	1	0	0	0	0	0	0
38950	1	0	1	0	0	0	0
38975	1	0	1	0	0	0	0
39000	1	0	1	0	0	0	0
39025	1	0	1	0	0	0	0
39050	1	0	1	0	0	0	0
39075	1	0	1	0	0	0	0
39100	1	0	1	0	0	0	0
39125	1	0	1	0	0	0	0
39150	1	0	1	0	0	0	0
39175	1	0	1	0	0	0	0
39200	1	0	1	0	0	0	0
39225	1	0	1	0	0	0	0
39250	1	0	1	0	0	0	0
39275	1	0	1	0	0	0	0
39300	1	0	1	0	0	0	0
39325	1	0	1	0	0	0	0
39350	1	0	1	0	0	0	0
39375	1	0	1	0	0	0	0
39400	1	0	1	0	0	0	0
39425	1	0	1	0	0	0	0
39450	1	0	1	0	0	0	0
39475	1	0	1	0	0	0	0
39500	1	0	1	0	0	0	0
39525	1	0	1	0	0	0	0
39550	1	0	1	0	0	0	0
39575	0	0	1	0	0	0	0
39600	0	0	1	0	0	0	0
39625	0	0	1	0	0	0	0
39650	1	0	1	0	0	0	0
39675	1	0	1	0	0	0	0
39700	0	0	1	0	0	0	0
39725	0	0	1	0	0	0	0
39750	0	0	1	0	0	0	0
39775	0	0	1	0	0	0	0
39800	0	0	1	0	0	0	0
39825	1	0	1	0	0	0	0
39850	1	0	1	0	0	0	0
39875	1	0	1	0	0	0	0
39900	0	0	1	0	0	0	0
39925	0	0	1	0	0	0	0
39950	0	0	1	0	0	0	0
39975	1	0	1	0	0	0	0
40000	0	0	1	0	0	0	0
40025	0	0	1	0	0	0	0
40050	0	0	1	0	0	0	0
40075	1	0	1	0	0	0	0
40100	1	0	1	0	0	0	0
40125	0	0	1	0	0	0	0
40150	1	0	1	0	0	0	0
40175	0	0	1	0	0	0	0
40200	0	0	1	0	0	0	0
40225	0	0	1	0	0	0	0
40250	1	0	1	0	0	0	0
40275	1	0	1	0	0	0	0
40300	1	0	1	0	0	0	0
40325	1	0	1	0	0	0	0
40350	1	0	1	0	0	0	0
40375	1	0	1	0	0	0	0
40400	0	0	1	0	0	0	0
40425	0	0	1	0	0	0	0
40450	1	0	1	0	0	0	0
40475	0	0	1	0	0	0	0
40500	1	0	1	0	0	0	0
40525	0	0	1	0	0	0	0
40550	0	0	1	0	0	0	0
40575	0	0	1	0	0	0	0
40600	0	0	1	0	0	0	0
40625	1	0	1	0	0	0	0
40650	1	0	1	0	0	0	0
40675	1	0	1	0	0	0	0
40700	1	0	1	0	0	0	0
40725	1	0	0	0	0	0	0
40750	1	0	0	0	0	0	0
40775	1	0	0	0	0	0	0
40800	1	0	1	0	0	0	0
40825	1	0	1	0	0	0	0
40850	1	0	1	0	0	0	0
40875	1	0	1	0	0	0	0
40900	1	0	1	0	0	0	0
40925	1	0	1	0	0	0	0
40950	1	0	1	0	0	0	0
40975	0	0	1	0	0	0	0
41000	0	0	1	0	0	0	0
41025	1	0	1	0	0	0	0
41050	1	0	1	0	0	0	0
41075	1	0	1	0	0	0	0
41100	1	0	1	0	0	0	0
41125	1	0	1	0	0	0	0
41150	1	0	1	0	0	0	0
41175	1	0	1	0	0	0	0
41200	1	0	1	0	0	0	0
41225	1	0	1	0	0	0	0
41250	1	0	1	0	0	0	0
41275	0	0	1	0	0	0	0
41300	1	0	1	0	0	0	0
41325	1	0	0	0	0	0	0
41350	1	0	1	0	0	0	0
41375	1	0	1	0	0	0	0
41400	1	0	1	0	0	0	0
41425	0	0	1	0	0	0	0
41450	0	0	1	0	0	0	0
41475	1	0	1	0	0	0	0
41500	1	0	1	0	0	0	0
41525	0	0	1	0	0	0	0
41550	0	0	1	0	0	0	0
41575	1	0	1	0	0	0	0
41600	1	0	1	0	0	0	0
41625	1	0	1	0	0	0	0
41650	1	0	1	0	0	0	0
41675	1	0	1	0	0	0	0
41700	1	0	1	0	0	0	0
41725	1	0	1	0	0	0	0
41750	1	0	1	0	0	0	0
41775	1	0	1	0	0	0	0
41800	0	0	1	0	0	0	0
41825	1	0	1	0	0	0	0
41850	1	0	1	0	0	0	0
41875	1	0	1	0	0	0	0
41900	0	0	1	0	0	0	0
41925	0	0	1	0	0	0	0
41950	0	0	1	0	0	0	0
41975	0	0	1	0	0	0	0
42000	0	0	1	0	0	0	0
42025	1	0	1	0	0	0	0
42050	0	0	1	0	0	0	0
42075	1	0	1	0	0	0	0
42100	1	0	1	0	0	0	0
42125	1	0	1	0	0	0	0
42150	0	0	1	0	0	0	0
42175	0	0	1	0	0	0	0
42200	1	0	1	0	0	0	0
42225	0	0	1	0	0	0	0
42250	0	0	1	0	0	0	0
42275	0	0	1	0	0	0	0
42300	1	0	1	0	0	0	0
42325	1	0	1	0	0	0	0
42350	1	0	1	0	0	0	0
42375	1	0	1	0	0	0	0
42400	1	0	1	0	0	0	0
42425	0	0	1	0	0	0	0
42450	1	0	1	0	0	0	0
42475	0	0	1	0	0	0	0
42500	0	0	1	0	0	0	0
42525	0	0	1	0	0	0	0
42550	0	0	1	0	0	0	0
42575	1	0	1	0	0	0	0
42600	0	0	1	0	0	0	0
42625	0	0	1	0	0	0	0
42650	0	0	1	0	0	0	0
42675	1	0	1	0	0	0	0
42700	1	0	1	0	0	0	0
42725	1	0	1	0	0	0	0
42750	1	0	1	0	0	0	0
42775	0	0	1	0	0	0	0
42800	0	0	0	0	0	0	0
42825	0	0	0	0	0	0	0
42850	0	0	0	0	0	0	0
42875	0	0	0	0	0	0	0
42900	0	0	0	0	0	0	0
42925	0	0	0	0	0	0	0
42950	0	0	0	0	0	0	0
42975	0	0	0	0	0	0	0
43000	0	0	0	0	0	0	0
43025	0	0	0	0	0	0	0
43050	0	0	0	0	0	0	0
43075	0	0	0	0	0	0	0
43100	0	0	0	0	0	0	0
43125	0	0	0	0	0	0	0
43150	0	0	0	0	0	0	0
43175	0	0	0	0	0	0	0
43200	0	0	0	0	0	0	0
43225	0	0	0	0	0	0	0
43250	0	0	0	0	0	0	0
43275	0	0	0	0	0	0	0
43300	0	0	0	0	0	0	0
43325	0	0	0	0	0	0	0
43350	0	0	0	0	0	0	0
43375	0	0	0	0	0	0	0
43400	0	0	0	0	0	0	0
43425	0	0	0	0	0	0	0
43450	0	0	0	0	0	0	0
43475	0	0	0	0	0	0	0
43500	0	0	0	0	0	0	0
43525	0	0	0	0	0	0	0
43550	0	0	0	0	0	0	0
43575	0	0	0	0	0	0	0
43600	1	0	0	0	0	0	1
43625	1	0	0	0	0	0	1
43650	0	0	0	0	0	0	1
43675	0	0	0	0	0	0	0
43700	0	0	0	0	0	0	1
43725	0	0	0	0	0	0	1
43750	0	0	0	0	0	0	1
43775	0	0	0	0	0	0	1
43800	0	0	0	0	0	0	1
43825	0	0	0	0	0	0	1
43850	0	0	0	0	0	0	1
43875	0	0	0	0	0	0	1
43900	0	0	0	0	0	0	1
43925	0	0	0	0	0	0	1
43950	0	0	0	0	0	0	1
43975	0	0	0	0	0	0	1
44000	0	0	0	0	0	0	1
44025	1	0	0	0	0	0	1
44050	1	0	0	0	0	0	1
44075	1	0	0	0	0	0	1
44100	1	0	0	0	0	0	1
44125	1	0	0	0	0	0	1
44150	1	0	0	0	0	0	1
44175	1	0	0	0	0	0	1
44200	1	0	0	0	0	0	1
44225	1	0	0	0	0	0	1
44250	1	0	0	0	0	0	1
44275	1	0	0	0	0	0	1
44300	1	0	0	0	0	0	1
44325	1	0	0	0	0	0	1
44350	1	0	0	0	0	0	1
44375	1	0	0	0	0	0	1
44400	1	0	0	0	0	0	1
44425	1	0	0	0	0	0	1
44450	1	0	0	0	0	0	1
44475	1	0	0	0	0	0	1
44500	1	0	0	0	0	0	1
44525	1	0	0	0	0	0	1
44550	1	0	0	0	0	0	1
44575	1	0	0	0	0	0	1
44600	1	0	0	0	0	0	1
44625	1	0	0	0	0	0	1
44650	1	0	0	0	0	0	1
44675	1	0	0	0	0	0	1
44700	1	0	0	0	0	0	1
44725	1	0	0	0	0	0	1
44750	0	0	0	0	0	0	0
44775	1	0	0	0	0	0	1
44800	1	0	0	0	0	0	1
44825	1	0	0	0	0	0	1
44850	1	0	0	0	0	0	1
44875	1	0	0	0	0	0	1
44900	1	0	0	0	0	0	1
44925	1	0	0	0	0	0	1
44950	1	0	0	0	0	0	1
44975	1	0	0	0	0	0	1
45000	1	0	0	0	0	0	1
45025	1	0	0	0	0	0	1
45050	1	0	0	0	0	0	1
45075	1	0	0	0	0	0	1
45100	1	0	0	0	0	0	1
45125	1	0	0	0	0	0	1
45150	1	0	0	0	0	0	1
45175	1	0	0	0	0	0	1
45200	1	0	0	0	0	0	1
45225	1	0	0	0	0	0	1
45250	1	0	0	0	0	0	1
45275	1	0	0	0	0	0	1
45300	1	0	0	0	0	0	1
45325	1	0	0	0	0	0	1
45350	1	0	0	0	0	0	1
45375	1	0	0	0	0	0	1
45400	1	0	0	0	0	0	1
45425	1	0	0	0	0	0	1
45450	1	0	0	0	0	0	1
45475	1	0	0	0	0	0	1
45500	1	0	0	0	0	0	1
45525	1	0	0	0	0	0	1
45550	1	0	0	0	0	0	1
45575	1	0	0	0	0	0	0
45600	1	0	0	0	0	0	0
45625	1	0	0	0	0	0	1
45650	1	0	0	0	0	0	1
45675	1	0	0	0	0	0	1
45700	1	0	0	0	0	0	1
45725	1	0	0	0	0	0	1
45750	1	0	0	0	0	0	1
45775	1	0	0	0	0	0	1
45800	1	0	0	0	0	0	1
45825	0	0	0	0	0	0	0
45850	1	0	0	0	0	0	0
45875	1	0	0	0	0	0	0
45900	1	0	0	0	0	0	0
45925	1	0	0	0	0	0	0
45950	1	0	0	0	0	0	0
45975	1	0	0	0	0	0	0
46000	1	0	0	0	0	0	0
46025	1	0	0	0	0	0	0
46050	0	0	0	0	0	0	0
46075	0	0	0	0	0	0	0
46100	1	0	0	0	0	0	0
46125	1	0	0	0	0	0	0
46150	1	0	0	0	0	0	0
46175	1	0	0	0	0	0	0
46200	1	0	0	0	0	0	0
46225	1	0	0	0	0	0	0
46250	1	0	0	0	0	1	0
46275	1	0	0	0	0	1	0
46300	1	0	0	0	0	1	0
46325	1	0	0	0	0	1	0
46350	1	0	0	0	0	1	0
46375	1	0	0	0	0	1	0
46400	1	0	0	0	0	1	0
46425	1	0	0	0	0	1	0
46450	1	0	0	0	0	1	0
46475	1	0	0	0	0	1	0
46500	1	0	0	0	0	1	0
46525	1	0	0	0	0	1	0
46550	1	0	0	0	0	1	0
46575	1	0	0	0	0	1	0
46600	1	0	0	0	0	1	0
46625	1	0	0	0	0	1	0
46650	0	0	0	0	0	1	0
46675	1	0	0	0	0	1	0
46700	1	0	0	0	0	1	0
46725	0	0	0	0	0	1	0
46750	0	0	0	0	0	1	0
46775	0	0	0	0	0	1	0
46800	0	0	0	0	0	1	0
46825	0	0	0	0	0	1	0
46850	0	0	0	0	0	1	0
46875	1	0	0	0	0	1	0
46900	1	0	0	0	0	1	0
46925	1	0	0	0	0	1	0
46950	1	0	0	0	0	1	0
46975	1	0	0	0	0	1	0
47000	1	0	0	0	0	1	0
47025	1	0	0	0	0	1	0
47050	1	0	0	0	0	1	0
47075	1	0	0	0	0	1	0
47100	1	0	0	0	0	1	0
47125	1	0	0	0	0	1	0
47150	1	0	0	0	0	1	0
47175	1	0	0	0	0	1	0
47200	1	0	0	0	0	1	0
47225	1	0	0	0	0	1	0
47250	1	0	0	0	0	1	0
47275	1	0	0	0	0	1	0
47300	1	0	0	0	0	1	0
47325	1	0	0	0	0	1	0
47350	1	0	0	0	0	1	0
47375	1	0	0	0	0	1	0
47400	1	0	0	0	0	1	0
47425	1	0	0	0	0	1	0
47450	1	0	0	0	0	1	0
47475	1	0	0	0	0	1	0
47500	1	0	0	0	0	0	0
47525	1	0	0	0	0	1	0
47550	1	0	0	0	0	1	0
47575	1	0	0	0	0	1	0
47600	1	0	0	0	0	1	0
47625	1	0	0	0	0	1	0
47650	1	0	0	0	0	1	0
47675	1	0	0	0	0	1	0
47700	1	0	0	0	0	1	0
47725	1	0	0	0	0	1	0
47750	1	0	0	0	0	1	0
47775	1	0	0	0	0	1	0
47800	1	0	0	0	0	1	0
47825	1	0	0	0	0	1	0
47850	1	0	0	0	0	1	0
47875	1	0	0	0	0	1	0
47900	1	0	0	0	0	1	0
47925	1	0	0	0	0	1	0
47950	1	0	0	0	0	1	0
47975	1	0	0	0	0	1	0
48000	1	0	0	0	0	1	0
48025	1	0	0	0	0	1	0
48050	1	0	0	0	0	1	0
48075	1	0	0	0	0	1	0
48100	1	0	0	0	0	1	0
48125	1	0	0	0	0	1	0
48150	1	0	0	0	0	1	0
48175	1	0	0	0	0	1	0
48200	1	0	0	0	0	1	0
48225	1	0	0	0	0	1	0
48250	1	0	0	0	0	1	0
48275	1	0	0	0	0	1	0
48300	1	0	0	0	0	1	0
48325	1	0	0	0	0	1	0
48350	1	0	0	0	0	1	0
48375	1	0	0	0	0	1	0
48400	1	0	0	0	0	1	0
48425	1	0	0	0	0	1	0
48450	1	0	0	0	0	1	0
48475	1	0	0	0	0	1	0
48500	1	0	0	0	0	1	0
48525	1	0	0	0	0	1	0
48550	1	0	0	0	0	1	0
48575	1	0	0	0	0	1	0
48600	1	0	0	0	0	1	0
48625	1	0	0	0	0	1	0
48650	1	0	0	0	0	1	0
48675	1	0	0	0	0	1	0
48700	1	0	0	0	0	1	0
48725	1	0	0	0	0	1	0
48750	1	0	0	0	0	1	0
48775	1	0	0	0	0	1	0
48800	1	0	0	0	0	1	0
48825	1	0	0	0	0	1	0
48850	1	0	0	0	0	1	0
48875	1	0	0	0	0	1	0
48900	1	0	0	0	0	1	0
48925	1	0	0	0	0	1	0
48950	1	0	0	0	0	1	0
48975	1	0	0	0	0	1	0
49000	1	0	0	0	0	1	0
49025	1	0	0	0	0	1	0
49050	1	0	0	0	0	1	0
49075	1	0	0	0	0	1	0
49100	1	0	0	0	0	1	0
49125	1	0	0	0	0	1	0
49150	1	0	0	0	0	1	0
49175	1	0	0	0	0	1	0
49200	1	0	0	0	0	1	0
49225	1	0	0	0	0	1	0
49250	1	0	0	0	0	1	0
49275	1	0	0	0	0	1	0
49300	1	0	0	0	0	1	0
49325	1	0	0	0	0	1	0
49350	1	0	0	0	0	1	0
49375	0	0	0	0	0	0	0
49400	1	0	0	0	0	0	0
49425	1	0	0	0	0	0	0
49450	1	0	0	0	0	0	0
49475	1	0	0	0	0	0	0
49500	1	0	0	0	0	0	0
49525	1	0	0	0	0	0	0
49550	1	0	0	0	0	0	0
49575	1	0	0	0	0	0	0
49600	0	0	0	0	0	0	0
49625	0	0	0	0	0	1	0
49650	0	0	0	0	0	1	0
49675	0	0	0	0	0	1	0
49700	0	0	0	0	0	1	0
49725	0	0	0	0	0	1	0
49750	0	0	0	0	0	1	0
49775	0	0	0	0	0	1	0
49800	0	0	0	0	0	1	0
49825	0	0	0	0	0	1	0
49850	0	0	0	0	0	1	0
49875	0	0	0	0	0	1	0
49900	0	0	0	0	0	1	0
49925	0	0	0	0	0	1	0
49950	0	0	0	0	0	1	0
49975	0	0	0	0	0	1	0
50000	0	0	0	0	0	1	0
50025	0	0	0	0	0	1	0
50050	0	0	0	0	0	1	0
50075	0	0	0	0	0	1	0
50100	0	0	0	0	0	1	0
50125	0	0	0	0	0	1	0
50150	0	0	0	0	0	1	0
50175	0	0	0	0	0	1	0
50200	0	0	0	0	0	1	0
50225	0	0	0	0	0	1	0
50250	0	0	0	0	0	1	0
50275	0	0	0	0	0	1	0
50300	0	0	0	0	0	1	0
50325	0	0	0	0	0	1	0
50350	0	0	0	0	0	1	0
50375	0	0	0	0	0	1	0
50400	0	0	0	0	0	1	0
50425	0	0	0	0	0	1	0
50450	0	0	0	0	0	1	0
50475	0	0	0	0	0	1	0
50500	0	0	0	0	0	1	0
50525	0	0	0	0	0	1	0
50550	0	0	0	0	0	1	0
50575	0	0	0	0	0	1	0
50600	0	0	0	0	0	1	0
50625	0	0	0	0	0	1	0
50650	0	0	0	0	0	1	0
50675	0	0	0	0	0	1	0
50700	0	0	0	0	0	1	0
50725	0	0	0	0	0	1	0
50750	0	0	0	0	0	1	0
50775	0	0	0	0	0	1	0
50800	0	0	0	0	0	1	0
50825	0	0	0	0	0	1	0
50850	0	0	0	0	0	1	0
50875	0	0	0	0	0	1	0
50900	0	0	0	0	0	1	0
50925	0	0	0	0	0	1	0
50950	0	0	0	0	0	1	0
50975	0	0	0	0	0	1	0
51000	1	0	0	0	0	1	0
51025	1	0	0	0	0	1	0
51050	1	0	0	0	0	1	0
51075	1	0	0	0	0	1	0
51100	0	0	0	0	0	1	0
51125	0	0	0	0	0	1	0
51150	0	0	0	0	0	1	0
51175	0	0	0	0	0	1	0
51200	0	0	0	0	0	1	0
51225	0	0	0	0	0	1	0
51250	0	0	0	0	0	1	0
51275	0	0	0	0	0	1	0
51300	0	0	0	0	0	1	0
51325	0	0	0	0	0	1	0
51350	0	0	0	0	0	1	0
51375	0	0	0	0	0	1	0
51400	0	0	0	0	0	1	0
51425	0	0	0	0	0	1	0
51450	0	0	0	0	0	1	0
51475	0	0	0	0	0	1	0
51500	0	0	0	0	0	1	0
51525	0	0	0	0	0	1	0
51550	0	0	0	0	0	1	0
51575	0	0	0	0	0	1	0
51600	0	0	0	0	0	0	0
51625	0	0	0	0	0	0	0
51650	0	0	0	0	0	0	0
51675	1	0	0	0	0	1	0
51700	0	0	0	0	0	1	0
51725	0	0	0	0	0	1	0
51750	0	0	0	0	0	1	0
51775	0	0	0	0	0	1	0
51800	0	0	0	0	0	1	0
51825	0	0	0	0	0	0	0
51850	0	0	0	0	0	1	0
51875	0	0	0	0	0	0	0
51900	0	0	0	0	0	0	0
51925	0	0	0	0	0	0	0
51950	0	0	0	0	0	0	0
51975	0	0	0	0	0	0	0
52000	0	0	0	0	0	0	0
52025	0	0	0	0	0	0	0
52050	0	0	0	0	0	0	0
52075	0	0	0	0	0	0	0
52100	0	0	0	0	0	0	0
52125	0	0	0	0	0	0	0
52150	0	0	0	0	0	0	0
52175	0	0	0	0	0	1	0
52200	0	0	0	0	0	1	0
52225	0	0	0	0	0	1	0
52250	0	0	0	0	0	0	0
52275	0	0	0	0	0	0	0
52300	0	0	0	0	0	0	0
52325	0	0	0	0	0	1	0
52350	0	0	0	0	0	1	0
52375	0	0	0	0	0	1	0
52400	0	0	0	0	0	1	0
52425	0	0	0	0	0	1	0
52450	0	0	0	0	0	1	0
52475	0	0	0	0	0	1	0
52500	0	0	0	0	0	1	0
52525	0	0	0	0	0	0	0
52550	0	0	0	0	0	1	0
52575	0	0	0	0	0	0	0
52600	0	0	0	0	0	0	0
52625	0	0	0	0	0	1	0
52650	0	0	0	0	0	0	0
52675	0	0	0	0	0	0	0
52700	0	0	0	0	0	1	0
52725	1	0	0	0	0	1	0
52750	1	0	0	0	0	1	0
52775	1	0	0	0	0	1	0
52800	1	0	0	0	0	1	0
52825	1	0	0	0	0	0	0
52850	1	0	0	0	0	1	0
52875	0	0	0	0	0	1	0
52900	0	0	0	0	0	1	0
52925	0	0	0	0	0	1	0
52950	0	0	0	0	0	1	0
52975	0	0	0	0	0	1	0
53000	0	0	0	0	0	1	0
53025	0	0	0	0	0	1	0
53050	0	0	0	0	0	1	0
53075	0	0	0	0	0	1	0
53100	0	0	0	0	0	1	0
53125	0	0	0	0	0	1	0
53150	0	0	0	0	0	1	0
53175	0	0	0	0	0	1	0
53200	0	0	0	0	0	1	0
53225	0	0	0	0	0	1	0
53250	0	0	0	0	0	1	0
53275	0	0	0	0	0	1	0
53300	0	0	0	0	0	1	0
53325	0	0	0	0	0	1	0
53350	0	0	0	0	0	1	0
53375	0	0	0	0	0	1	0
53400	0	0	0	0	0	1	0
53425	0	0	0	0	0	1	0
53450	0	0	0	0	0	1	0
53475	0	0	0	0	0	1	0
53500	0	0	0	0	0	1	0
53525	0	0	0	0	0	1	0
53550	1	0	0	0	0	0	0
53575	1	0	0	0	0	1	0
53600	0	0	0	0	0	1	0
53625	0	0	0	0	0	1	0
53650	0	0	0	0	0	1	0
53675	0	0	0	0	0	1	0
53700	0	0	0	0	0	1	0
53725	0	0	0	0	0	1	0
53750	0	0	0	0	0	1	0
53775	0	0	0	0	0	1	0
53800	0	0	0	0	0	1	0
53825	0	0	0	0	0	1	0
53850	0	0	0	0	0	1	0
53875	0	0	0	0	0	1	0
53900	0	0	0	0	0	1	0
53925	1	0	0	0	0	1	0
53950	0	0	0	0	0	1	0
53975	0	0	0	0	0	1	0
54000	0	0	0	0	0	1	0
54025	0	0	0	0	0	1	0
54050	0	0	0	0	0	1	0
54075	0	0	0	0	0	1	0
54100	0	0	0	0	0	1	0
54125	0	0	0	0	0	1	0
54150	0	0	0	0	0	1	0
54175	1	0	0	0	0	1	0
54200	1	0	0	0	0	1	0
54225	0	0	0	0	0	1	0
54250	0	0	0	0	0	1	0
54275	0	0	0	0	0	1	0
54300	0	0	0	0	0	1	0
54325	0	0	0	0	0	1	0
54350	0	0	0	0	0	1	0
54375	0	0	0	0	0	1	0
54400	0	0	0	0	0	1	0
54425	0	0	0	0	0	1	0
54450	0	0	0	0	0	1	0
54475	0	0	0	0	0	1	0
54500	0	0	0	0	0	1	0
54525	0	0	0	0	0	1	0
54550	0	0	0	0	0	1	0
54575	0	0	0	0	0	1	0
54600	0	0	0	0	0	1	0
54625	0	0	0	0	0	1	0
54650	0	0	0	0	0	1	0
54675	0	0	0	0	0	1	0
54700	0	0	0	0	0	1	0
54725	0	0	0	0	0	1	0
54750	0	0	0	0	0	1	0
54775	0	0	0	0	0	0	0
54800	0	0	0	0	0	0	0
54825	0	0	0	0	0	0	0
54850	0	0	0	0	0	0	0
54875	0	0	0	0	0	1	0
54900	0	0	0	0	0	1	0
54925	0	0	0	0	0	1	0
54950	0	0	0	0	0	1	0
54975	0	0	0	0	0	1	0
55000	0	0	0	0	0	1	0
55025	0	0	0	0	0	1	0
55050	0	0	0	0	0	0	0
55075	1	0	0	0	0	1	0
55100	1	0	0	0	0	1	0
55125	1	0	0	0	0	1	0
55150	0	0	0	0	0	0	0
55175	0	0	0	0	0	1	0
55200	0	0	0	0	0	1	0
55225	0	0	0	0	0	1	0
55250	0	0	0	0	0	1	0
55275	0	0	0	0	0	1	0
55300	0	0	0	0	0	1	0
55325	0	0	0	0	0	1	0
55350	0	0	0	0	0	1	0
55375	0	0	0	0	0	1	0
55400	0	0	0	0	0	1	0
55425	0	0	0	0	0	1	0
55450	0	0	0	0	0	1	0
55475	0	0	0	0	0	1	0
55500	0	0	0	0	0	1	0
55525	0	0	0	0	0	1	0
55550	0	0	0	0	0	1	0
55575	0	0	0	0	0	1	0
55600	0	0	0	0	0	1	0
55625	0	0	0	0	0	1	0
55650	0	0	0	0	0	1	0
55675	0	0	0	0	0	1	0
55700	0	0	0	0	0	1	0
55725	0	0	0	0	0	1	0
55750	0	0	0	0	0	1	0
55775	0	0	0	0	0	1	0
55800	0	0	0	0	0	1	0
55825	0	0	0	0	0	1	0
55850	0	0	0	0	0	1	0
55875	0	0	0	0	0	1	0
55900	0	0	0	0	0	1	0
55925	0	0	0	0	0	1	0
55950	0	0	0	0	0	1	0
55975	0	0	0	0	0	1	0
56000	0	0	0	0	0	1	0
56025	0	0	0	0	0	1	0
56050	0	0	0	0	0	1	0
56075	0	0	0	0	0	1	0
56100	0	0	0	0	0	1	0
56125	0	0	0	0	0	1	0
56150	0	0	0	0	0	1	0
56175	0	0	0	0	0	1	0
56200	0	0	0	0	0	1	0
56225	0	0	0	0	0	1	0
56250	0	0	0	0	0	1	0
56275	0	0	0	0	0	1	0
56300	0	0	0	0	0	1	0
56325	0	0	0	0	0	1	0
56350	0	0	0	0	0	1	0
56375	0	0	0	0	0	1	0
56400	0	0	0	0	0	1	0
56425	0	0	0	0	0	1	0
56450	0	0	0	0	0	1	0
56475	0	0	0	0	0	1	0
56500	0	0	0	0	0	1	0
56525	0	0	0	0	0	1	0
56550	0	0	0	0	0	1	0
56575	0	0	0	0	0	0	0
56600	0	0	0	0	0	1	0
56625	0	0	0	0	0	0	0
56650	0	0	0	0	0	0	0
56675	0	0	0	0	0	0	0
56700	0	0	0	0	0	0	0
56725	0	0	0	0	0	0	0
56750	0	0	0	0	0	0	0
56775	0	0	0	0	0	0	0
56800	0	0	0	0	0	0	0
56825	0	0	0	0	0	0	1
56850	0	0	0	0	0	0	1
56875	0	0	0	0	0	0	1
56900	0	0	0	0	0	0	0
56925	0	0	0	0	0	0	0
56950	1	0	0	0	0	0	0
56975	0	0	0	0	0	1	0
57000	0	0	0	0	0	1	0
57025	0	0	0	0	0	1	0
57050	0	0	0	0	0	1	0
57075	0	0	0	0	0	1	0
57100	0	0	0	0	0	1	0
57125	0	0	0	0	0	0	0
57150	0	0	0	0	0	0	0
57175	0	0	0	0	0	0	0
57200	0	0	0	0	0	0	0
57225	0	0	0	0	0	0	0
57250	0	0	0	0	0	0	0
57275	0	0	0	0	0	0	0
57300	0	0	0	0	0	0	0
57325	0	0	0	0	0	0	0
57350	0	0	0	0	0	0	0
57375	0	0	0	0	0	0	0
57400	0	0	0	0	0	0	0
57425	0	0	0	0	0	0	0
57450	0	0	0	0	0	0	0
57475	0	0	0	0	0	0	0
57500	0	0	0	0	0	0	0
57525	0	0	0	0	0	0	0
57550	0	0	0	0	0	0	0
57575	0	0	0	0	0	0	0
57600	0	0	0	0	0	0	1
57625	0	0	0	0	0	0	1
57650	0	0	0	0	0	0	1
57675	0	0	0	0	0	0	1
57700	1	0	0	0	0	0	1
57725	1	0	0	0	0	0	1
57750	1	0	0	0	0	0	1
57775	1	0	0	0	0	0	1
57800	1	0	0	0	0	0	1
57825	0	0	0	0	0	0	1
57850	1	0	0	0	0	0	1
57875	0	0	0	0	0	0	0
57900	0	0	0	0	0	0	0
57925	1	0	0	0	0	0	0
57950	1	0	0	0	0	0	0
57975	1	0	0	0	0	0	0
58000	1	0	0	0	0	0	0
58025	1	0	0	0	0	0	0
58050	0	0	0	0	0	0	0
58075	0	0	0	0	0	0	1
58100	0	0	0	0	0	0	0
58125	0	0	0	0	0	0	0
58150	0	0	0	0	0	0	0
58175	0	0	0	0	0	0	0
58200	1	0	0	0	0	0	1
58225	1	0	0	0	0	0	1
58250	1	0	0	0	0	0	1
58275	1	0	0	0	0	0	1
58300	1	0	0	0	0	0	1
58325	1	0	0	0	0	0	1
58350	1	0	0	0	0	0	1
58375	1	0	0	0	0	0	1
58400	1	0	0	0	0	0	1
58425	1	0	0	0	0	0	1
58450	1	0	0	0	0	0	1
58475	1	0	0	0	0	0	1
58500	1	0	0	0	0	0	1
58525	1	0	0	0	0	0	1
58550	0	0	0	0	0	0	0
58575	0	0	0	0	0	0	0
58600	0	0	0	0	0	0	0
58625	0	0	0	0	0	0	0
58650	0	0	0	0	0	0	0
58675	0	0	0	0	0	0	0
58700	0	0	0	0	0	0	0
58725	0	0	0	0	0	0	0
