Frame	Grasper	Bipolar	Hook	Scissors	Clipper	Irrigator	SpecimenBag
0	0	0	0	0	0	0	0
25	0	0	0	0	0	0	0
50	0	0	0	0	0	0	0
75	0	0	0	0	0	0	0
100	0	0	0	0	0	0	0
125	0	0	0	0	0	0	0
150	0	0	0	0	0	0	0
175	0	0	0	0	0	0	0
200	0	0	0	0	0	0	0
225	0	0	0	0	0	0	0
250	0	0	0	0	0	0	0
275	0	0	0	0	0	0	0
300	0	0	0	0	0	0	0
325	0	0	0	0	0	0	0
350	0	0	0	0	0	0	0
375	0	0	0	0	0	0	0
400	1	0	0	0	0	0	0
425	1	0	0	0	0	0	0
450	1	0	0	0	0	0	0
475	1	0	0	0	0	0	0
500	1	0	0	0	0	0	0
525	0	0	0	0	0	0	0
550	0	0	0	0	0	0	0
575	1	0	0	0	0	0	0
600	0	0	0	0	0	0	0
625	0	0	0	0	0	0	0
650	0	0	0	0	0	0	0
675	0	0	0	0	0	0	0
700	0	0	0	0	0	0	0
725	0	0	0	0	0	0	0
750	0	0	0	0	0	0	0
775	0	0	0	0	0	0	0
800	0	0	0	0	0	0	0
825	0	0	0	0	0	0	0
850	0	0	0	0	0	0	0
875	0	0	0	0	0	0	0
900	0	0	0	0	0	0	0
925	0	0	0	0	0	0	0
950	0	0	0	0	0	0	0
975	0	0	0	0	0	0	0
1000	0	0	0	0	0	0	0
1025	0	0	0	0	0	0	0
1050	0	0	0	0	0	0	0
1075	0	0	0	0	0	0	0
1100	0	0	0	0	0	0	0
1125	0	0	0	0	0	0	0
1150	0	0	0	0	0	0	0
1175	0	0	0	0	0	0	0
1200	0	0	0	0	0	0	0
1225	0	0	0	0	0	0	0
1250	0	0	0	0	0	0	0
1275	0	0	0	0	0	0	0
1300	0	0	0	0	0	0	0
1325	0	0	0	0	0	0	0
1350	0	0	0	0	0	0	0
1375	0	0	0	0	0	0	0
1400	0	0	0	0	0	0	0
1425	0	0	0	0	0	0	0
1450	0	0	0	0	0	0	0
1475	0	0	0	0	0	0	0
1500	0	0	0	0	0	0	0
1525	0	0	0	0	0	0	0
1550	0	0	0	0	0	0	0
1575	0	0	0	0	0	0	0
1600	0	0	0	0	0	0	0
1625	0	0	0	0	0	0	0
1650	0	0	0	0	0	0	0
1675	0	0	0	0	0	0	0
1700	0	0	0	0	0	0	0
1725	0	0	0	0	0	0	0
1750	0	0	0	0	0	0	0
1775	0	0	0	0	0	0	0
1800	0	0	0	0	0	0	0
1825	0	0	0	0	0	0	0
1850	0	0	0	0	0	0	0
1875	0	0	0	0	0	0	0
1900	0	0	0	0	0	0	0
1925	0	0	0	0	0	0	0
1950	0	0	0	0	0	0	0
1975	0	0	0	0	0	0	0
2000	0	0	0	0	0	0	0
2025	0	0	0	0	0	0	0
2050	0	0	0	0	0	0	0
2075	0	0	0	0	0	0	0
2100	0	0	0	0	0	0	0
2125	0	0	0	0	0	0	0
2150	0	0	0	0	0	0	0
2175	0	0	0	0	0	0	0
2200	0	0	0	0	0	0	0
2225	0	0	0	0	0	0	0
2250	0	0	0	0	0	0	0
2275	0	0	0	0	0	0	0
2300	0	0	0	0	0	0	0
2325	0	0	0	0	0	0	0
2350	0	0	0	0	0	0	0
2375	0	0	0	0	0	0	0
2400	0	0	0	0	0	0	0
2425	0	0	0	0	0	0	0
2450	0	0	0	0	0	0	0
2475	0	0	0	0	0	0	0
2500	0	0	0	0	0	0	0
2525	0	0	0	0	0	0	0
2550	0	0	0	0	0	0	0
2575	0	0	0	0	0	0	0
2600	0	0	0	0	0	0	0
2625	0	0	0	0	0	0	0
2650	0	0	0	0	0	0	0
2675	0	0	0	0	0	0	0
2700	0	0	0	0	0	0	0
2725	0	0	0	0	0	0	0
2750	0	0	0	0	0	0	0
2775	0	0	0	0	0	0	0
2800	0	0	0	0	0	0	0
2825	0	0	0	0	0	0	0
2850	0	0	0	0	0	0	0
2875	0	0	0	0	0	0	0
2900	0	0	0	0	0	0	0
2925	0	0	0	0	0	0	0
2950	0	0	0	0	0	0	0
2975	0	0	0	0	0	0	0
3000	0	0	0	0	0	0	0
3025	0	0	0	0	0	0	0
3050	0	0	0	0	0	0	0
3075	0	0	0	0	0	0	0
3100	0	0	0	0	0	0	0
3125	0	0	0	0	0	0	0
3150	0	0	0	0	0	0	0
3175	0	0	0	0	0	0	0
3200	0	0	0	0	0	0	0
3225	0	0	0	0	0	0	0
3250	0	0	0	0	0	0	0
3275	0	0	0	0	0	0	0
3300	0	0	0	0	0	0	0
3325	0	0	0	0	0	0	0
3350	0	0	0	0	0	0	0
3375	0	0	0	0	0	0	0
3400	0	0	0	0	0	0	0
3425	0	0	0	0	0	0	0
3450	0	0	0	0	0	0	0
3475	0	0	0	0	0	0	0
3500	0	0	0	0	0	0	0
3525	0	0	0	0	0	0	0
3550	0	0	0	0	0	0	0
3575	0	0	0	0	0	0	0
3600	0	0	0	0	0	0	0
3625	0	0	0	0	0	0	0
3650	0	0	0	0	0	0	0
3675	0	0	0	0	0	0	0
3700	0	0	0	0	0	0	0
3725	0	0	0	0	0	0	0
3750	0	0	0	0	0	0	0
3775	0	0	0	0	0	0	0
3800	0	0	0	0	0	0	0
3825	0	0	0	0	0	0	0
3850	0	0	0	0	0	0	0
3875	0	0	0	0	0	0	0
3900	0	0	0	0	0	0	0
3925	0	0	0	0	0	0	0
3950	0	0	0	0	0	0	0
3975	0	0	0	0	0	0	0
4000	0	0	0	0	0	0	0
4025	0	0	0	0	0	0	0
4050	0	0	0	0	0	0	0
4075	0	0	0	0	0	0	0
4100	0	0	0	0	0	0	0
4125	0	0	0	0	0	0	0
4150	0	0	0	0	0	0	0
4175	0	0	0	0	0	0	0
4200	0	0	0	0	0	0	0
4225	0	0	0	0	0	0	0
4250	0	0	0	0	0	0	0
4275	0	0	0	0	0	0	0
4300	0	0	0	0	0	0	0
4325	0	0	0	0	0	0	0
4350	0	0	0	0	0	0	0
4375	0	0	0	0	0	0	0
4400	0	0	0	0	0	0	0
4425	0	0	0	0	0	0	0
4450	0	0	0	0	0	0	0
4475	0	0	0	0	0	0	0
4500	0	0	0	0	0	0	0
4525	0	0	0	0	0	0	0
4550	0	0	0	0	0	0	0
4575	0	0	0	0	0	0	0
4600	0	0	0	0	0	0	0
4625	0	0	0	0	0	0	0
4650	1	0	0	0	0	0	0
4675	1	0	0	0	0	0	0
4700	1	0	0	0	0	0	0
4725	1	0	0	0	0	0	0
4750	1	0	0	0	0	0	0
4775	1	0	0	0	0	0	0
4800	1	0	0	0	0	0	0
4825	1	0	0	0	0	0	0
4850	1	0	0	0	0	0	0
4875	1	0	0	0	0	0	0
4900	1	0	0	0	0	0	0
4925	1	0	0	0	0	0	0
4950	1	0	0	0	0	0	0
4975	1	0	0	0	0	0	0
5000	1	0	0	0	0	0	0
5025	1	0	0	0	0	0	0
5050	1	0	0	0	0	0	0
5075	1	0	0	0	0	0	0
5100	1	0	0	0	0	0	0
5125	1	0	0	0	0	0	0
5150	1	0	0	0	0	0	0
5175	1	0	0	0	0	0	0
5200	1	0	0	0	0	0	0
5225	1	0	0	0	0	0	0
5250	1	0	0	0	0	0	0
5275	1	0	0	0	0	0	0
5300	1	0	0	0	0	0	0
5325	1	0	0	0	0	0	0
5350	1	0	0	0	0	0	0
5375	1	0	0	0	0	0	0
5400	1	0	0	0	0	0	0
5425	1	0	0	0	0	0	0
5450	1	0	0	0	0	0	0
5475	1	0	0	0	0	0	0
5500	1	0	0	0	0	0	0
5525	1	0	0	0	0	0	0
5550	1	0	0	0	0	0	0
5575	0	0	0	0	0	0	0
5600	0	0	0	0	0	0	0
5625	1	0	0	0	0	0	0
5650	1	0	0	0	0	0	0
5675	1	0	0	0	0	0	0
5700	1	0	0	0	0	0	0
5725	1	0	0	0	0	0	0
5750	1	0	0	0	0	0	0
5775	1	0	0	0	0	0	0
5800	1	0	0	0	0	0	0
5825	1	0	0	0	0	0	0
5850	1	0	0	0	0	0	0
5875	1	0	0	0	0	0	0
5900	1	0	0	0	0	0	0
5925	1	0	0	0	0	0	0
5950	1	0	0	0	0	0	0
5975	1	0	0	0	0	0	0
6000	1	0	0	0	0	0	0
6025	1	0	0	0	0	0	0
6050	1	0	0	0	0	0	0
6075	1	0	0	0	0	0	0
6100	1	0	0	0	0	0	0
6125	1	0	0	0	0	0	0
6150	1	0	0	0	0	0	0
6175	1	0	0	0	0	0	0
6200	1	0	0	0	0	0	0
6225	1	0	0	0	0	0	0
6250	1	0	0	0	0	0	0
6275	1	0	0	0	0	0	0
6300	1	0	0	0	0	0	0
6325	1	0	0	0	0	0	0
6350	1	0	0	0	0	0	0
6375	0	0	0	0	0	0	0
6400	0	0	0	0	0	0	0
6425	0	0	0	0	0	0	0
6450	1	0	0	0	0	0	0
6475	1	0	0	0	0	0	0
6500	1	0	0	0	0	0	0
6525	1	0	0	0	0	0	0
6550	0	0	0	0	0	0	0
6575	0	0	0	0	0	0	0
6600	0	0	0	0	0	0	0
6625	0	0	0	0	0	0	0
6650	0	0	0	0	0	0	0
6675	0	0	0	0	0	0	0
6700	1	0	0	0	0	0	0
6725	1	0	0	0	0	0	0
6750	1	0	0	0	0	0	0
6775	1	0	0	0	0	0	0
6800	1	0	0	0	0	0	0
6825	0	0	0	0	0	0	0
6850	0	0	0	0	0	0	0
6875	0	0	0	0	0	0	0
6900	0	0	0	0	0	0	0
6925	0	0	0	0	0	0	0
6950	0	0	0	0	0	0	0
6975	1	0	0	0	0	0	0
7000	1	0	0	0	0	0	0
7025	1	0	0	0	0	0	0
7050	1	0	0	0	0	0	0
7075	1	0	0	0	0	0	0
7100	1	0	0	0	0	0	0
7125	1	0	0	0	0	0	0
7150	1	0	0	0	0	0	0
7175	1	0	0	0	0	0	0
7200	1	0	0	0	0	0	0
7225	1	0	0	0	0	0	0
7250	1	0	0	0	0	0	0
7275	1	0	0	0	0	0	0
7300	1	0	0	0	0	0	0
7325	1	0	0	0	0	0	0
7350	1	0	0	0	0	0	0
7375	1	0	0	0	0	0	0
7400	1	0	0	0	0	0	0
7425	1	0	0	0	0	0	0
7450	1	0	0	0	0	0	0
7475	1	0	0	0	0	0	0
7500	1	0	0	0	0	0	0
7525	1	0	0	0	0	0	0
7550	1	0	0	0	0	0	0
7575	1	0	0	0	0	0	0
7600	1	0	0	0	0	0	0
7625	1	0	0	0	0	0	0
7650	1	0	0	0	0	0	0
7675	1	0	0	0	0	0	0
7700	1	0	0	0	0	0	0
7725	1	0	0	0	0	0	0
7750	1	0	0	0	0	0	0
7775	1	0	0	0	0	0	0
7800	1	0	0	0	0	0	0
7825	1	0	0	0	0	0	0
7850	1	0	0	0	0	0	0
7875	1	0	0	0	0	0	0
7900	1	0	0	0	0	0	0
7925	1	0	0	0	0	0	0
7950	1	0	0	0	0	0	0
7975	1	0	0	0	0	0	0
8000	1	0	0	0	0	0	0
8025	1	0	0	0	0	0	0
8050	1	0	0	0	0	0	0
8075	1	0	0	0	0	0	0
8100	1	0	0	0	0	0	0
8125	1	0	0	0	0	0	0
8150	1	0	0	0	0	0	0
8175	1	0	0	0	0	0	0
8200	1	0	0	0	0	0	0
8225	1	0	0	0	0	0	0
8250	1	0	0	0	0	0	0
8275	1	0	0	0	0	0	0
8300	1	0	0	0	0	0	0
8325	1	0	0	0	0	0	0
8350	1	0	0	0	0	0	0
8375	1	0	0	0	0	0	0
8400	1	0	0	0	0	0	0
8425	1	0	0	0	0	0	0
8450	1	0	0	0	0	0	0
8475	1	0	0	0	0	0	0
8500	1	0	0	0	0	0	0
8525	1	0	0	0	0	0	0
8550	1	0	0	0	0	0	0
8575	1	0	0	0	0	0	0
8600	1	0	0	0	0	0	0
8625	1	0	0	0	0	0	0
8650	1	0	0	0	0	0	0
8675	1	0	0	0	0	0	0
8700	1	0	0	0	0	0	0
8725	1	0	0	0	0	0	0
8750	1	0	0	0	0	0	0
8775	1	0	0	0	0	0	0
8800	1	0	0	0	0	0	0
8825	1	0	0	0	0	0	0
8850	1	0	0	0	0	0	0
8875	1	0	0	0	0	0	0
8900	1	0	0	0	0	0	0
8925	1	0	0	0	0	0	0
8950	1	0	0	0	0	0	0
8975	1	0	0	0	0	0	0
9000	1	0	0	0	0	0	0
9025	1	0	0	0	0	0	0
9050	1	0	0	0	0	0	0
9075	1	0	0	0	0	0	0
9100	0	0	0	0	0	0	0
9125	0	0	0	0	0	0	0
9150	0	0	0	0	0	0	0
9175	0	0	0	0	0	0	0
9200	0	0	0	0	0	0	0
9225	0	0	0	0	0	0	0
9250	0	0	0	0	0	0	0
9275	0	0	0	0	0	0	0
9300	1	0	0	0	0	0	0
9325	1	0	0	0	0	0	0
9350	1	0	0	0	0	0	0
9375	1	0	0	0	0	0	0
9400	1	0	0	0	0	0	0
9425	1	0	0	0	0	0	0
9450	1	0	0	0	0	0	0
9475	1	0	0	0	0	0	0
9500	1	0	0	0	0	0	0
9525	1	0	0	0	0	0	0
9550	1	0	0	0	0	0	0
9575	1	0	0	0	0	0	0
9600	1	0	0	0	0	0	0
9625	1	0	0	0	0	0	0
9650	1	0	0	0	0	0	0
9675	1	0	0	0	0	0	0
9700	1	0	0	0	0	0	0
9725	1	0	0	0	0	0	0
9750	1	0	0	0	0	0	0
9775	1	0	0	0	0	0	0
9800	1	0	0	0	0	0	0
9825	1	0	0	0	0	0	0
9850	1	0	0	0	0	0	0
9875	1	0	0	0	0	0	0
9900	1	0	0	0	0	0	0
9925	1	0	0	0	0	0	0
9950	1	0	0	0	0	0	0
9975	1	0	0	0	0	0	0
10000	1	0	0	0	0	0	0
10025	1	0	0	0	0	0	0
10050	1	0	0	0	0	0	0
10075	1	0	0	0	0	0	0
10100	1	0	0	0	0	0	0
10125	1	0	0	0	0	0	0
10150	1	0	0	0	0	0	0
10175	1	0	0	0	0	0	0
10200	1	0	0	0	0	0	0
10225	1	0	0	0	0	0	0
10250	1	0	0	0	0	0	0
10275	1	0	0	0	0	0	0
10300	1	0	0	0	0	0	0
10325	1	0	0	0	0	0	0
10350	1	0	0	0	0	0	0
10375	1	0	0	0	0	0	0
10400	1	0	0	0	0	0	0
10425	1	0	0	0	0	0	0
10450	1	0	0	0	0	0	0
10475	1	0	0	0	0	0	0
10500	1	0	0	0	0	0	0
10525	1	0	0	0	0	0	0
10550	1	0	0	0	0	0	0
10575	1	0	0	0	0	0	0
10600	1	0	0	0	0	0	0
10625	1	0	0	0	0	0	0
10650	1	0	0	0	0	0	0
10675	1	0	0	0	0	0	0
10700	1	0	0	0	0	0	0
10725	1	0	0	0	0	0	0
10750	1	0	0	0	0	0	0
10775	1	0	0	0	0	0	0
10800	1	0	0	0	0	0	0
10825	1	0	0	0	0	0	0
10850	1	0	0	0	0	0	0
10875	1	0	0	0	0	0	0
10900	1	0	0	0	0	0	0
10925	1	0	0	0	0	0	0
10950	1	0	0	0	0	0	0
10975	0	0	0	0	0	0	0
11000	0	0	0	0	0	0	0
11025	0	0	0	0	0	0	0
11050	0	0	0	0	0	0	0
11075	0	0	0	0	0	0	0
11100	0	0	0	0	0	0	0
11125	0	0	0	0	0	0	0
11150	0	0	0	0	0	0	0
11175	0	0	0	0	0	0	0
11200	0	0	0	0	0	0	0
11225	0	0	0	0	0	0	0
11250	0	0	0	0	0	0	0
11275	0	0	0	0	0	0	0
11300	0	0	0	0	0	0	0
11325	0	0	0	0	0	0	0
11350	0	0	1	0	0	0	0
11375	0	0	1	0	0	0	0
11400	0	0	1	0	0	0	0
11425	0	0	0	0	0	0	0
11450	1	0	1	0	0	0	0
11475	1	0	1	0	0	0	0
11500	1	0	1	0	0	0	0
11525	1	0	1	0	0	0	0
11550	1	0	1	0	0	0	0
11575	1	0	1	0	0	0	0
11600	1	0	1	0	0	0	0
11625	1	0	1	0	0	0	0
11650	1	0	1	0	0	0	0
11675	1	0	1	0	0	0	0
11700	1	0	1	0	0	0	0
11725	1	0	1	0	0	0	0
11750	1	0	1	0	0	0	0
11775	1	0	1	0	0	0	0
11800	1	0	1	0	0	0	0
11825	1	0	1	0	0	0	0
11850	1	0	1	0	0	0	0
11875	1	0	0	0	0	0	0
11900	1	0	1	0	0	0	0
11925	1	0	1	0	0	0	0
11950	1	0	1	0	0	0	0
11975	1	0	1	0	0	0	0
12000	1	0	1	0	0	0	0
12025	1	0	1	0	0	0	0
12050	1	0	1	0	0	0	0
12075	1	0	1	0	0	0	0
12100	1	0	1	0	0	0	0
12125	1	0	1	0	0	0	0
12150	1	0	1	0	0	0	0
12175	1	0	1	0	0	0	0
12200	1	0	1	0	0	0	0
12225	1	0	1	0	0	0	0
12250	1	0	1	0	0	0	0
12275	1	0	1	0	0	0	0
12300	1	0	1	0	0	0	0
12325	1	0	1	0	0	0	0
12350	1	0	1	0	0	0	0
12375	1	0	1	0	0	0	0
12400	1	0	1	0	0	0	0
12425	1	0	1	0	0	0	0
12450	1	0	0	0	0	0	0
12475	1	0	0	0	0	0	0
12500	1	0	0	0	0	0	0
12525	1	0	0	0	0	0	0
12550	1	0	1	0	0	0	0
12575	1	0	1	0	0	0	0
12600	1	0	1	0	0	0	0
12625	1	0	1	0	0	0	0
12650	1	0	0	0	0	0	0
12675	1	0	0	0	0	0	0
12700	1	0	1	0	0	0	0
12725	1	0	1	0	0	0	0
12750	0	0	1	0	0	0	0
12775	0	0	1	0	0	0	0
12800	1	0	1	0	0	0	0
12825	1	0	1	0	0	0	0
12850	1	0	1	0	0	0	0
12875	1	0	1	0	0	0	0
12900	0	0	1	0	0	0	0
12925	0	0	1	0	0	0	0
12950	0	0	1	0	0	0	0
12975	0	0	1	0	0	0	0
13000	1	0	1	0	0	0	0
13025	1	0	1	0	0	0	0
13050	1	0	1	0	0	0	0
13075	1	0	1	0	0	0	0
13100	1	0	1	0	0	0	0
13125	1	0	1	0	0	0	0
13150	1	0	1	0	0	0	0
13175	1	0	1	0	0	0	0
13200	1	0	1	0	0	0	0
13225	0	0	1	0	0	0	0
13250	0	0	1	0	0	0	0
13275	0	0	1	0	0	0	0
13300	0	0	1	0	0	0	0
13325	0	0	1	0	0	0	0
13350	0	0	1	0	0	0	0
13375	1	0	1	0	0	0	0
13400	1	0	1	0	0	0	0
13425	1	0	1	0	0	0	0
13450	1	0	1	0	0	0	0
13475	1	0	1	0	0	0	0
13500	1	0	1	0	0	0	0
13525	1	0	1	0	0	0	0
13550	1	0	1	0	0	0	0
13575	1	0	1	0	0	0	0
13600	1	0	1	0	0	0	0
13625	1	0	1	0	0	0	0
13650	1	0	1	0	0	0	0
13675	1	0	1	0	0	0	0
13700	1	0	1	0	0	0	0
13725	1	0	1	0	0	0	0
13750	1	0	1	0	0	0	0
13775	1	0	1	0	0	0	0
13800	1	0	1	0	0	0	0
13825	1	0	1	0	0	0	0
13850	0	0	1	0	0	0	0
13875	0	0	1	0	0	0	0
13900	0	0	1	0	0	0	0
13925	0	0	1	0	0	0	0
13950	0	0	1	0	0	0	0
13975	0	0	1	0	0	0	0
14000	0	0	1	0	0	0	0
14025	0	0	1	0	0	0	0
14050	0	0	1	0	0	0	0
14075	0	0	1	0	0	0	0
14100	0	0	1	0	0	0	0
14125	0	0	1	0	0	0	0
14150	0	0	1	0	0	0	0
14175	0	0	1	0	0	0	0
14200	0	0	1	0	0	0	0
14225	0	0	1	0	0	0	0
14250	0	0	1	0	0	0	0
14275	0	0	1	0	0	0	0
14300	0	0	1	0	0	0	0
14325	0	0	1	0	0	0	0
14350	0	0	1	0	0	0	0
14375	0	0	1	0	0	0	0
14400	0	0	1	0	0	0	0
14425	0	0	1	0	0	0	0
14450	0	0	1	0	0	0	0
14475	0	0	1	0	0	0	0
14500	0	0	1	0	0	0	0
14525	0	0	1	0	0	0	0
14550	0	0	1	0	0	0	0
14575	0	0	1	0	0	0	0
14600	0	0	1	0	0	0	0
14625	0	0	1	0	0	0	0
14650	0	0	1	0	0	0	0
14675	0	0	1	0	0	0	0
14700	0	0	1	0	0	0	0
14725	0	0	1	0	0	0	0
14750	0	0	1	0	0	0	0
14775	0	0	1	0	0	0	0
14800	0	0	1	0	0	0	0
14825	0	0	1	0	0	0	0
14850	0	0	1	0	0	0	0
14875	0	0	1	0	0	0	0
14900	0	0	1	0	0	0	0
14925	0	0	1	0	0	0	0
14950	0	0	1	0	0	0	0
14975	0	0	1	0	0	0	0
15000	0	0	1	0	0	0	0
15025	0	0	1	0	0	0	0
15050	0	0	1	0	0	0	0
15075	0	0	1	0	0	0	0
15100	0	0	1	0	0	0	0
15125	1	0	0	0	0	0	0
15150	1	0	1	0	0	0	0
15175	0	0	0	0	0	0	0
15200	1	0	1	0	0	0	0
15225	1	0	1	0	0	0	0
15250	1	0	1	0	0	0	0
15275	1	0	1	0	0	0	0
15300	1	0	1	0	0	0	0
15325	1	0	1	0	0	0	0
15350	1	0	1	0	0	0	0
15375	1	0	1	0	0	0	0
15400	1	0	1	0	0	0	0
15425	1	0	0	0	0	0	0
15450	0	0	0	0	0	0	0
15475	0	0	0	0	0	0	0
15500	0	0	1	0	0	0	0
15525	0	0	1	0	0	0	0
15550	1	0	0	0	0	0	0
15575	1	0	0	0	0	0	0
15600	1	0	0	0	0	0	0
15625	1	0	0	0	0	0	0
15650	1	0	0	0	0	0	0
15675	1	0	1	0	0	0	0
15700	1	0	1	0	0	0	0
15725	1	0	1	0	0	0	0
15750	1	0	1	0	0	0	0
15775	1	0	1	0	0	0	0
15800	1	0	1	0	0	0	0
15825	0	0	0	0	0	0	0
15850	1	0	0	0	0	0	0
15875	1	0	0	0	0	0	0
15900	1	0	1	0	0	0	0
15925	1	0	1	0	0	0	0
15950	1	0	1	0	0	0	0
15975	1	0	1	0	0	0	0
16000	1	0	1	0	0	0	0
16025	1	0	1	0	0	0	0
16050	1	0	1	0	0	0	0
16075	1	0	1	0	0	0	0
16100	1	0	1	0	0	0	0
16125	1	0	1	0	0	0	0
16150	1	0	1	0	0	0	0
16175	1	0	1	0	0	0	0
16200	1	0	1	0	0	0	0
16225	1	0	1	0	0	0	0
16250	1	0	1	0	0	0	0
16275	1	0	1	0	0	0	0
16300	1	0	1	0	0	0	0
16325	1	0	1	0	0	0	0
16350	1	0	1	0	0	0	0
16375	1	0	1	0	0	0	0
16400	1	0	1	0	0	0	0
16425	1	0	1	0	0	0	0
16450	1	0	1	0	0	0	0
16475	1	0	1	0	0	0	0
16500	1	0	1	0	0	0	0
16525	1	0	1	0	0	0	0
16550	1	0	1	0	0	0	0
16575	1	0	1	0	0	0	0
16600	1	0	1	0	0	0	0
16625	1	0	1	0	0	0	0
16650	1	0	1	0	0	0	0
16675	1	0	1	0	0	0	0
16700	1	0	1	0	0	0	0
16725	1	0	1	0	0	0	0
16750	1	0	1	0	0	0	0
16775	1	0	1	0	0	0	0
16800	1	0	1	0	0	0	0
16825	1	0	1	0	0	0	0
16850	1	0	1	0	0	0	0
16875	1	0	1	0	0	0	0
16900	1	0	1	0	0	0	0
16925	1	0	1	0	0	0	0
16950	1	0	1	0	0	0	0
16975	1	0	1	0	0	0	0
17000	1	0	1	0	0	0	0
17025	1	0	1	0	0	0	0
17050	1	0	1	0	0	0	0
17075	1	0	1	0	0	0	0
17100	1	0	1	0	0	0	0
17125	1	0	0	0	0	0	0
17150	1	0	1	0	0	0	0
17175	1	0	1	0	0	0	0
17200	1	0	1	0	0	0	0
17225	1	0	1	0	0	0	0
17250	1	0	1	0	0	0	0
17275	1	0	1	0	0	0	0
17300	0	0	1	0	0	0	0
17325	0	0	1	0	0	0	0
17350	0	0	1	0	0	0	0
17375	0	0	1	0	0	0	0
17400	0	0	1	0	0	0	0
17425	0	0	1	0	0	0	0
17450	1	0	0	0	0	0	0
17475	0	0	0	0	0	0	0
17500	0	0	0	0	0	0	0
17525	0	0	0	0	0	0	0
17550	0	0	1	0	0	0	0
17575	0	0	1	0	0	0	0
17600	0	0	1	0	0	0	0
17625	0	0	1	0	0	0	0
17650	0	0	1	0	0	0	0
17675	0	0	1	0	0	0	0
17700	0	0	1	0	0	0	0
17725	0	0	1	0	0	0	0
17750	0	0	1	0	0	0	0
17775	0	0	1	0	0	0	0
17800	0	0	1	0	0	0	0
17825	0	0	1	0	0	0	0
17850	0	0	1	0	0	0	0
17875	0	0	1	0	0	0	0
17900	0	0	1	0	0	0	0
17925	0	0	1	0	0	0	0
17950	0	0	1	0	0	0	0
17975	0	0	1	0	0	0	0
18000	0	0	1	0	0	0	0
18025	0	0	1	0	0	0	0
18050	0	0	1	0	0	0	0
18075	0	0	1	0	0	0	0
18100	0	0	1	0	0	0	0
18125	0	0	1	0	0	0	0
18150	0	0	1	0	0	0	0
18175	0	0	1	0	0	0	0
18200	0	0	1	0	0	0	0
18225	0	0	1	0	0	0	0
18250	0	0	1	0	0	0	0
18275	0	0	1	0	0	0	0
18300	0	0	1	0	0	0	0
18325	0	0	1	0	0	0	0
18350	0	0	1	0	0	0	0
18375	0	0	1	0	0	0	0
18400	0	0	1	0	0	0	0
18425	0	0	1	0	0	0	0
18450	0	0	1	0	0	0	0
18475	0	0	1	0	0	0	0
18500	0	0	1	0	0	0	0
18525	0	0	1	0	0	0	0
18550	0	0	1	0	0	0	0
18575	0	0	1	0	0	0	0
18600	0	0	1	0	0	0	0
18625	0	0	1	0	0	0	0
18650	0	0	1	0	0	0	0
18675	0	0	1	0	0	0	0
18700	0	0	1	0	0	0	0
18725	0	0	1	0	0	0	0
18750	0	0	1	0	0	0	0
18775	0	0	1	0	0	0	0
18800	0	0	1	0	0	0	0
18825	0	0	1	0	0	0	0
18850	0	0	1	0	0	0	0
18875	0	0	1	0	0	0	0
18900	0	0	1	0	0	0	0
18925	0	0	1	0	0	0	0
18950	0	0	1	0	0	0	0
18975	0	0	1	0	0	0	0
19000	0	0	1	0	0	0	0
19025	0	0	1	0	0	0	0
19050	0	0	1	0	0	0	0
19075	0	0	1	0	0	0	0
19100	0	0	1	0	0	0	0
19125	0	0	1	0	0	0	0
19150	0	0	1	0	0	0	0
19175	0	0	1	0	0	0	0
19200	0	0	1	0	0	0	0
19225	0	0	1	0	0	0	0
19250	0	0	1	0	0	0	0
19275	0	0	1	0	0	0	0
19300	0	0	1	0	0	0	0
19325	0	0	1	0	0	0	0
19350	0	0	1	0	0	0	0
19375	0	0	1	0	0	0	0
19400	0	0	1	0	0	0	0
19425	0	0	1	0	0	0	0
19450	0	0	1	0	0	0	0
19475	0	0	1	0	0	0	0
19500	0	0	1	0	0	0	0
19525	0	0	1	0	0	0	0
19550	0	0	1	0	0	0	0
19575	0	0	1	0	0	0	0
19600	0	0	1	0	0	0	0
19625	0	0	1	0	0	0	0
19650	0	0	1	0	0	0	0
19675	0	0	1	0	0	0	0
19700	1	0	1	0	0	0	0
19725	1	0	1	0	0	0	0
19750	1	0	1	0	0	0	0
19775	1	0	1	0	0	0	0
19800	1	0	1	0	0	0	0
19825	1	0	0	0	0	0	0
19850	1	0	0	0	0	0	0
19875	0	0	1	0	0	0	0
19900	0	0	1	0	0	0	0
19925	1	0	1	0	0	0	0
19950	1	0	1	0	0	0	0
19975	1	0	1	0	0	0	0
20000	1	0	1	0	0	0	0
20025	1	0	1	0	0	0	0
20050	1	0	1	0	0	0	0
20075	1	0	0	0	0	0	0
20100	1	0	0	0	0	0	0
20125	1	0	0	0	0	0	0
20150	1	0	0	0	0	0	0
20175	0	0	1	0	0	0	0
20200	0	0	1	0	0	0	0
20225	0	0	1	0	0	0	0
20250	0	0	1	0	0	0	0
20275	0	0	0	0	0	0	0
20300	0	0	0	0	0	0	0
20325	0	0	0	0	0	0	0
20350	1	0	0	0	0	0	0
20375	1	0	0	0	0	0	0
20400	1	0	0	0	0	0	0
20425	1	0	1	0	0	0	0
20450	1	0	1	0	0	0	0
20475	1	0	1	0	0	0	0
20500	1	0	0	0	0	0	0
20525	1	0	0	0	0	0	0
20550	1	0	0	0	0	0	0
20575	1	0	0	0	0	0	0
20600	1	0	0	0	0	0	0
20625	1	0	0	0	0	0	0
20650	1	0	0	0	0	0	0
20675	1	0	0	0	0	0	0
20700	1	0	0	0	0	0	0
20725	1	0	0	0	0	0	0
20750	1	0	0	0	0	0	0
20775	1	0	0	0	0	0	0
20800	1	0	0	0	0	0	0
20825	1	0	0	0	0	0	0
20850	1	0	0	0	0	0	0
20875	1	0	0	0	0	0	0
20900	1	0	0	0	0	0	0
20925	1	0	0	0	0	0	0
20950	1	0	0	0	0	0	0
20975	1	0	0	0	0	0	0
21000	1	0	0	0	0	0	0
21025	1	0	0	0	0	0	0
21050	1	0	0	0	0	0	0
21075	1	0	0	0	0	0	0
21100	1	0	0	0	0	0	0
21125	0	0	0	0	0	0	0
21150	0	0	0	0	0	0	0
21175	0	0	0	0	0	0	0
21200	0	0	0	0	0	0	0
21225	0	0	0	0	0	0	0
21250	0	0	0	0	0	0	0
21275	0	0	0	0	0	0	0
21300	0	0	0	0	0	0	0
21325	0	0	0	0	0	0	0
21350	0	0	0	0	0	0	0
21375	0	0	0	0	0	0	0
21400	0	0	0	0	0	0	0
21425	0	0	0	0	0	0	0
21450	0	0	0	0	0	0	0
21475	0	0	0	0	0	0	0
21500	0	0	0	0	0	0	0
21525	0	0	0	0	0	0	0
21550	0	0	0	0	0	0	0
21575	0	0	0	0	0	0	0
21600	0	0	0	0	0	0	0
21625	0	0	0	0	0	0	0
21650	0	0	0	0	0	0	0
21675	0	0	0	0	0	0	0
21700	0	0	0	0	0	0	0
21725	0	0	0	0	0	0	0
21750	0	0	0	0	0	0	0
21775	0	0	0	0	0	0	0
21800	0	0	0	0	0	0	0
21825	0	0	0	0	0	0	0
21850	0	0	0	0	0	0	0
21875	0	0	0	0	0	0	0
21900	0	0	0	0	0	0	0
21925	0	0	0	0	0	0	0
21950	0	0	0	0	0	0	0
21975	0	0	0	0	0	0	0
22000	0	0	0	0	0	0	0
22025	0	0	0	0	0	0	0
22050	0	0	0	0	0	0	0
22075	0	0	0	0	0	0	0
22100	0	0	0	0	0	0	0
22125	0	0	0	0	0	0	0
22150	0	0	0	0	0	0	0
22175	0	0	0	0	0	0	0
22200	0	0	0	0	0	0	0
22225	0	0	0	0	0	0	0
22250	0	0	0	0	0	0	0
22275	0	0	0	0	0	0	0
22300	0	0	0	0	0	0	0
22325	0	0	0	0	0	0	0
22350	0	0	0	0	0	0	0
22375	0	0	0	0	0	0	0
22400	0	0	0	0	0	0	0
22425	0	0	0	0	0	0	0
22450	1	0	0	0	0	0	0
22475	1	0	0	0	0	0	0
22500	1	0	0	0	0	0	0
22525	1	0	0	0	0	0	0
22550	1	0	0	0	0	0	0
22575	1	0	1	0	0	0	0
22600	1	0	1	0	0	0	0
22625	1	0	1	0	0	0	0
22650	1	0	1	0	0	0	0
22675	1	0	1	0	0	0	0
22700	1	0	1	0	0	0	0
22725	1	0	1	0	0	0	0
22750	1	0	1	0	0	0	0
22775	1	0	1	0	0	0	0
22800	1	0	1	0	0	0	0
22825	1	0	1	0	0	0	0
22850	1	0	1	0	0	0	0
22875	1	0	1	0	0	0	0
22900	1	0	1	0	0	0	0
22925	1	0	1	0	0	0	0
22950	1	0	1	0	0	0	0
22975	1	0	1	0	0	0	0
23000	1	0	1	0	0	0	0
23025	1	0	1	0	0	0	0
23050	1	0	1	0	0	0	0
23075	1	0	0	0	0	0	0
23100	1	0	1	0	0	0	0
23125	1	0	1	0	0	0	0
23150	1	0	1	0	0	0	0
23175	1	0	1	0	0	0	0
23200	1	0	1	0	0	0	0
23225	1	0	1	0	0	0	0
23250	1	0	1	0	0	0	0
23275	1	0	1	0	0	0	0
23300	1	0	1	0	0	0	0
23325	1	0	1	0	0	0	0
23350	1	0	1	0	0	0	0
23375	1	0	1	0	0	0	0
23400	1	0	1	0	0	0	0
23425	1	0	1	0	0	0	0
23450	1	0	1	0	0	0	0
23475	1	0	1	0	0	0	0
23500	1	0	1	0	0	0	0
23525	1	0	1	0	0	0	0
23550	1	0	1	0	0	0	0
23575	1	0	1	0	0	0	0
23600	1	0	1	0	0	0	0
23625	1	0	1	0	0	0	0
23650	0	0	1	0	0	0	0
23675	0	0	1	0	0	0	0
23700	0	0	1	0	0	0	0
23725	1	0	1	0	0	0	0
23750	1	0	1	0	0	0	0
23775	1	0	1	0	0	0	0
23800	0	0	1	0	0	0	0
23825	0	0	1	0	0	0	0
23850	0	0	1	0	0	0	0
23875	0	0	1	0	0	0	0
23900	1	0	1	0	0	0	0
23925	1	0	1	0	0	0	0
23950	1	0	1	0	0	0	0
23975	1	0	1	0	0	0	0
24000	1	0	1	0	0	0	0
24025	1	0	1	0	0	0	0
24050	1	0	1	0	0	0	0
24075	1	0	1	0	0	0	0
24100	1	0	1	0	0	0	0
24125	1	0	1	0	0	0	0
24150	1	0	1	0	0	0	0
24175	1	0	1	0	0	0	0
24200	1	0	1	0	0	0	0
24225	1	0	1	0	0	0	0
24250	1	0	1	0	0	0	0
24275	1	0	1	0	0	0	0
24300	1	0	1	0	0	0	0
24325	1	0	1	0	0	0	0
24350	1	0	1	0	0	0	0
24375	1	0	1	0	0	0	0
24400	1	0	1	0	0	0	0
24425	1	0	1	0	0	0	0
24450	1	0	1	0	0	0	0
24475	1	0	1	0	0	0	0
24500	1	0	1	0	0	0	0
24525	1	0	1	0	0	0	0
24550	1	0	1	0	0	0	0
24575	1	0	1	0	0	0	0
24600	1	0	1	0	0	0	0
24625	1	0	1	0	0	0	0
24650	1	0	1	0	0	0	0
24675	1	0	1	0	0	0	0
24700	1	0	1	0	0	0	0
24725	1	0	1	0	0	0	0
24750	1	0	1	0	0	0	0
24775	1	0	1	0	0	0	0
24800	1	0	1	0	0	0	0
24825	1	0	1	0	0	0	0
24850	1	0	1	0	0	0	0
24875	1	0	1	0	0	0	0
24900	1	0	1	0	0	0	0
24925	1	0	1	0	0	0	0
24950	1	0	1	0	0	0	0
24975	1	0	1	0	0	0	0
25000	1	0	1	0	0	0	0
25025	1	0	1	0	0	0	0
25050	1	0	1	0	0	0	0
25075	1	0	1	0	0	0	0
25100	1	0	1	0	0	0	0
25125	1	0	1	0	0	0	0
25150	1	0	0	0	0	0	0
25175	1	0	0	0	0	0	0
25200	1	0	0	0	0	0	0
25225	1	0	0	0	0	0	0
25250	1	0	0	0	0	0	0
25275	1	0	0	0	0	0	0
25300	1	0	0	0	0	0	0
25325	1	0	0	0	0	0	0
25350	1	0	0	0	0	0	0
25375	1	0	0	0	0	0	0
25400	1	0	0	0	0	0	0
25425	1	0	0	0	0	0	0
25450	1	0	0	0	0	0	0
25475	1	0	0	0	0	0	0
25500	1	0	0	0	0	0	0
25525	1	0	0	0	0	0	0
25550	1	0	0	0	0	0	0
25575	1	0	0	0	0	0	0
25600	1	0	0	0	0	0	0
25625	1	0	0	0	0	0	0
25650	1	0	0	0	0	0	0
25675	1	0	0	0	0	0	0
25700	1	0	1	0	0	0	0
25725	1	0	1	0	0	0	0
25750	1	0	1	0	0	0	0
25775	1	0	1	0	0	0	0
25800	1	0	1	0	0	0	0
25825	1	0	1	0	0	0	0
25850	1	0	0	0	0	0	0
25875	1	0	0	0	0	0	0
25900	1	0	0	0	0	0	0
25925	1	0	0	0	0	0	0
25950	1	0	0	0	0	0	0
25975	1	0	0	0	0	0	0
26000	1	0	0	0	0	0	0
26025	0	0	0	0	0	0	0
26050	1	0	0	0	0	0	0
26075	1	0	0	0	0	0	0
26100	1	0	1	0	0	0	0
26125	1	0	1	0	0	0	0
26150	1	0	1	0	0	0	0
26175	1	0	1	0	0	0	0
26200	1	0	1	0	0	0	0
26225	1	0	1	0	0	0	0
26250	1	0	1	0	0	0	0
26275	1	0	1	0	0	0	0
26300	1	0	1	0	0	0	0
26325	1	0	1	0	0	0	0
26350	1	0	1	0	0	0	0
26375	1	0	1	0	0	0	0
26400	1	0	1	0	0	0	0
26425	1	0	1	0	0	0	0
26450	1	0	1	0	0	0	0
26475	1	0	1	0	0	0	0
26500	1	0	1	0	0	0	0
26525	1	0	1	0	0	0	0
26550	1	0	1	0	0	0	0
26575	1	0	1	0	0	0	0
26600	1	0	1	0	0	0	0
26625	1	0	1	0	0	0	0
26650	1	0	0	0	0	0	0
26675	1	0	0	0	0	0	0
26700	0	0	0	0	0	0	0
26725	0	0	0	0	0	0	0
26750	0	0	0	0	0	0	0
26775	0	0	0	0	0	0	0
26800	0	0	0	0	0	0	0
26825	0	0	0	0	0	0	0
26850	0	0	0	0	0	0	0
26875	0	0	0	0	0	0	0
26900	0	0	0	0	0	0	0
26925	0	0	0	0	0	0	0
26950	0	0	0	0	0	0	0
26975	0	0	0	0	0	0	0
27000	0	0	0	0	0	0	0
27025	0	0	0	0	0	0	0
27050	0	0	0	0	0	0	0
27075	0	0	0	0	0	0	0
27100	0	0	0	0	0	0	0
27125	0	0	0	0	0	0	0
27150	0	0	0	0	0	0	0
27175	0	0	0	0	0	0	0
27200	0	0	0	0	0	0	0
27225	0	0	0	0	0	0	0
27250	0	0	0	0	0	0	0
27275	0	0	0	0	0	0	0
27300	0	0	0	0	0	0	0
27325	0	0	0	0	0	0	0
27350	0	0	0	0	0	0	0
27375	0	0	0	0	0	0	0
27400	0	0	0	0	0	0	0
27425	1	0	0	0	0	0	0
27450	1	0	0	0	0	0	0
27475	1	0	0	0	0	0	0
27500	1	0	0	0	0	0	0
27525	0	0	0	0	0	0	0
27550	0	0	0	0	0	0	0
27575	0	0	0	0	0	0	0
27600	1	0	0	0	0	0	0
27625	1	0	1	0	0	0	0
27650	1	0	1	0	0	0	0
27675	1	0	1	0	0	0	0
27700	1	0	1	0	0	0	0
27725	1	0	1	0	0	0	0
27750	1	0	0	0	0	0	0
27775	1	0	1	0	0	0	0
27800	1	0	1	0	0	0	0
27825	1	0	1	0	0	0	0
27850	1	0	1	0	0	0	0
27875	1	0	1	0	0	0	0
27900	1	0	1	0	0	0	0
27925	1	0	0	0	0	0	0
27950	1	0	1	0	0	0	0
27975	0	0	0	0	0	0	0
28000	0	0	0	0	0	0	0
28025	1	0	1	0	0	0	0
28050	1	0	1	0	0	0	0
28075	1	0	0	0	0	0	0
28100	1	0	1	0	0	0	0
28125	1	0	1	0	0	0	0
28150	1	0	1	0	0	0	0
28175	1	0	1	0	0	0	0
28200	1	0	1	0	0	0	0
28225	1	0	1	0	0	0	0
28250	1	0	1	0	0	0	0
28275	1	0	1	0	0	0	0
28300	1	0	1	0	0	0	0
28325	1	0	1	0	0	0	0
28350	1	0	1	0	0	0	0
28375	1	0	1	0	0	0	0
28400	1	0	1	0	0	0	0
28425	1	0	1	0	0	0	0
28450	1	0	1	0	0	0	0
28475	0	0	1	0	0	0	0
28500	1	0	1	0	0	0	0
28525	1	0	1	0	0	0	0
28550	0	0	0	0	0	0	0
28575	0	0	0	0	0	0	0
28600	0	0	0	0	0	0	0
28625	0	0	0	0	0	0	0
28650	0	0	0	0	0	0	0
28675	0	0	0	0	0	0	0
28700	0	0	0	0	0	0	0
28725	0	0	0	0	0	0	0
28750	0	0	0	0	0	0	0
28775	0	0	0	0	0	0	0
28800	0	0	0	0	0	0	0
28825	0	0	0	0	0	0	0
28850	0	0	0	0	0	0	0
28875	0	0	0	0	0	0	0
28900	0	0	0	0	0	0	0
28925	0	0	0	0	0	0	0
28950	0	0	0	0	0	0	0
28975	0	0	0	0	0	0	0
29000	0	0	0	0	0	0	0
29025	0	0	0	0	0	0	0
29050	0	0	0	0	0	0	0
29075	0	0	0	0	0	0	0
29100	0	0	0	0	0	0	0
29125	0	0	0	0	0	0	0
29150	0	0	0	0	0	0	0
29175	0	0	0	0	0	0	0
29200	0	0	0	0	0	0	0
29225	0	0	0	0	0	0	0
29250	0	0	0	0	0	0	0
29275	0	0	0	0	0	0	0
29300	0	0	0	0	0	0	0
29325	1	0	0	0	0	0	0
29350	1	0	0	0	0	0	0
29375	1	0	1	0	0	0	0
29400	1	0	0	0	0	0	0
29425	1	0	0	0	0	0	0
29450	1	0	0	0	0	0	0
29475	1	0	0	0	0	0	0
29500	1	0	0	0	0	0	0
29525	1	0	1	0	0	0	0
29550	1	0	1	0	0	0	0
29575	1	0	1	0	0	0	0
29600	1	0	0	0	0	0	0
29625	1	0	1	0	0	0	0
29650	1	0	1	0	0	0	0
29675	1	0	1	0	0	0	0
29700	1	0	1	0	0	0	0
29725	1	0	1	0	0	0	0
29750	1	0	1	0	0	0	0
29775	1	0	1	0	0	0	0
29800	1	0	1	0	0	0	0
29825	1	0	1	0	0	0	0
29850	1	0	1	0	0	0	0
29875	1	0	1	0	0	0	0
29900	1	0	1	0	0	0	0
29925	1	0	1	0	0	0	0
29950	1	0	1	0	0	0	0
29975	1	0	1	0	0	0	0
30000	1	0	1	0	0	0	0
30025	1	0	1	0	0	0	0
30050	1	0	1	0	0	0	0
30075	1	0	1	0	0	0	0
30100	1	0	1	0	0	0	0
30125	1	0	1	0	0	0	0
30150	1	0	0	0	0	0	0
30175	1	0	0	0	0	0	0
30200	1	0	0	0	0	0	0
30225	1	0	1	0	0	0	0
30250	1	0	1	0	0	0	0
30275	1	0	1	0	0	0	0
30300	1	0	1	0	0	0	0
30325	1	0	1	0	0	0	0
30350	1	0	1	0	0	0	0
30375	1	0	1	0	0	0	0
30400	1	0	1	0	0	0	0
30425	1	0	1	0	0	0	0
30450	1	0	0	0	0	0	0
30475	1	0	0	0	0	0	0
30500	1	0	0	0	0	0	0
30525	1	0	1	0	0	0	0
30550	1	0	1	0	0	0	0
30575	1	0	1	0	0	0	0
30600	1	0	1	0	0	0	0
30625	1	0	1	0	0	0	0
30650	1	0	0	0	0	0	0
30675	1	0	0	0	0	0	0
30700	1	0	1	0	0	0	0
30725	1	0	1	0	0	0	0
30750	1	0	0	0	0	0	0
30775	1	0	0	0	0	0	0
30800	1	0	0	0	0	0	0
30825	1	0	0	0	0	0	0
30850	1	0	0	0	0	0	0
30875	1	0	0	0	0	0	0
30900	1	0	0	0	0	0	0
30925	1	0	0	0	0	0	0
30950	1	0	0	0	0	0	0
30975	1	0	0	0	0	0	0
31000	1	0	0	0	0	0	0
31025	1	0	0	0	0	0	0
31050	1	0	0	0	0	0	0
31075	1	0	0	0	0	0	0
31100	1	0	0	0	0	0	0
31125	1	0	0	0	0	0	0
31150	1	0	0	0	0	0	0
31175	1	0	0	0	0	0	0
31200	1	0	0	0	0	0	0
31225	1	0	0	0	0	0	0
31250	1	0	0	0	0	0	0
31275	1	0	0	0	0	0	0
31300	1	0	0	0	0	0	0
31325	1	0	0	0	0	0	0
31350	1	0	0	0	0	0	0
31375	1	0	0	0	0	0	0
31400	1	0	0	0	0	0	0
31425	1	0	0	0	0	0	0
31450	1	0	0	0	0	0	0
31475	1	0	0	0	0	0	0
31500	1	0	0	0	0	0	0
31525	1	0	0	0	0	0	0
31550	1	0	1	0	0	0	0
31575	1	0	1	0	0	0	0
31600	1	0	1	0	0	0	0
31625	1	0	1	0	0	0	0
31650	1	0	1	0	0	0	0
31675	1	0	1	0	0	0	0
31700	1	0	1	0	0	0	0
31725	1	0	1	0	0	0	0
31750	1	0	1	0	0	0	0
31775	1	0	1	0	0	0	0
31800	1	0	1	0	0	0	0
31825	1	0	1	0	0	0	0
31850	1	0	1	0	0	0	0
31875	1	0	0	0	0	0	0
31900	1	0	0	0	0	0	0
31925	1	0	0	0	0	0	0
31950	1	0	1	0	0	0	0
31975	1	0	1	0	0	0	0
32000	1	0	1	0	0	0	0
32025	1	0	1	0	0	0	0
32050	1	0	1	0	0	0	0
32075	1	0	1	0	0	0	0
32100	1	0	1	0	0	0	0
32125	1	0	1	0	0	0	0
32150	1	0	1	0	0	0	0
32175	1	0	1	0	0	0	0
32200	1	0	1	0	0	0	0
32225	1	0	1	0	0	0	0
32250	1	0	1	0	0	0	0
32275	1	0	1	0	0	0	0
32300	1	0	1	0	0	0	0
32325	1	0	1	0	0	0	0
32350	1	0	1	0	0	0	0
32375	1	0	1	0	0	0	0
32400	1	0	1	0	0	0	0
32425	1	0	1	0	0	0	0
32450	1	0	1	0	0	0	0
32475	1	0	1	0	0	0	0
32500	1	0	1	0	0	0	0
32525	1	0	1	0	0	0	0
32550	1	0	1	0	0	0	0
32575	1	0	1	0	0	0	0
32600	1	0	1	0	0	0	0
32625	1	0	1	0	0	0	0
32650	1	0	1	0	0	0	0
32675	1	0	1	0	0	0	0
32700	1	0	1	0	0	0	0
32725	1	0	1	0	0	0	0
32750	1	0	1	0	0	0	0
32775	1	0	1	0	0	0	0
32800	1	0	1	0	0	0	0
32825	1	0	1	0	0	0	0
32850	1	0	1	0	0	0	0
32875	1	0	1	0	0	0	0
32900	1	0	1	0	0	0	0
32925	1	0	1	0	0	0	0
32950	1	0	1	0	0	0	0
32975	1	0	1	0	0	0	0
33000	1	0	1	0	0	0	0
33025	1	0	1	0	0	0	0
33050	1	0	1	0	0	0	0
33075	1	0	1	0	0	0	0
33100	1	0	1	0	0	0	0
33125	1	0	1	0	0	0	0
33150	1	0	1	0	0	0	0
33175	1	0	1	0	0	0	0
33200	1	0	1	0	0	0	0
33225	1	0	1	0	0	0	0
33250	1	0	1	0	0	0	0
33275	1	0	1	0	0	0	0
33300	1	0	1	0	0	0	0
33325	1	0	1	0	0	0	0
33350	1	0	1	0	0	0	0
33375	1	0	1	0	0	0	0
33400	1	0	1	0	0	0	0
33425	1	0	1	0	0	0	0
33450	1	0	0	0	0	0	0
33475	1	0	1	0	0	0	0
33500	1	0	1	0	0	0	0
33525	0	0	1	0	0	0	0
33550	0	0	1	0	0	0	0
33575	0	0	1	0	0	0	0
33600	0	0	1	0	0	0	0
33625	0	0	1	0	0	0	0
33650	0	0	1	0	0	0	0
33675	0	0	1	0	0	0	0
33700	0	0	1	0	0	0	0
33725	0	0	1	0	0	0	0
33750	0	0	1	0	0	0	0
33775	0	0	1	0	0	0	0
33800	0	0	1	0	0	0	0
33825	0	0	1	0	0	0	0
33850	0	0	1	0	0	0	0
33875	0	0	1	0	0	0	0
33900	0	0	1	0	0	0	0
33925	1	0	0	0	0	0	0
33950	1	0	0	0	0	0	0
33975	1	0	0	0	0	0	0
34000	1	0	0	0	0	0	0
34025	1	0	0	0	0	0	0
34050	1	0	0	0	0	0	0
34075	1	0	0	0	0	0	0
34100	1	0	0	0	0	0	0
34125	1	0	0	0	0	0	0
34150	1	0	0	0	0	0	0
34175	1	0	0	0	0	0	0
34200	1	0	0	0	0	0	0
34225	1	0	0	0	0	0	0
34250	1	0	0	0	0	0	0
34275	1	0	0	0	0	0	0
34300	1	0	0	0	0	0	0
34325	1	0	0	0	0	0	0
34350	1	0	0	0	0	0	0
34375	1	0	0	0	0	0	0
34400	1	0	0	0	0	0	0
34425	1	0	0	0	0	0	0
34450	0	0	0	0	0	0	0
34475	0	0	0	0	0	0	0
34500	0	0	0	0	0	0	0
34525	0	0	0	0	0	0	0
34550	0	0	0	0	0	0	0
34575	0	0	0	0	0	0	0
34600	0	0	0	0	0	0	0
34625	0	0	0	0	0	0	0
34650	0	0	0	0	0	0	0
34675	0	0	0	0	0	0	0
34700	0	0	0	0	0	0	0
34725	0	0	0	0	0	0	0
34750	0	0	0	0	0	0	0
34775	0	0	0	0	0	0	0
34800	1	0	0	0	0	0	0
34825	1	0	0	0	1	0	0
34850	1	0	0	0	1	0	0
34875	1	0	0	0	1	0	0
34900	0	0	0	0	0	0	0
34925	1	0	0	0	1	0	0
34950	1	0	0	0	1	0	0
34975	1	0	0	0	1	0	0
35000	1	0	0	0	1	0	0
35025	1	0	0	0	1	0	0
35050	1	0	0	0	0	0	0
35075	1	0	0	0	0	0	0
35100	1	0	0	0	0	0	0
35125	1	0	0	0	0	0	0
35150	1	0	0	0	0	0	0
35175	1	0	0	0	0	0	0
35200	1	0	0	0	0	0	0
35225	1	0	0	0	0	0	0
35250	1	0	0	0	0	0	0
35275	1	0	0	0	0	0	0
35300	1	0	0	0	0	0	0
35325	1	0	0	0	0	0	0
35350	1	0	0	0	0	0	0
35375	1	0	0	0	1	0	0
35400	1	0	0	0	1	0	0
35425	1	0	0	0	1	0	0
35450	1	0	0	0	1	0	0
35475	1	0	0	0	1	0	0
35500	1	0	0	0	1	0	0
35525	1	0	0	0	1	0	0
35550	1	0	0	0	1	0	0
35575	1	0	0	0	1	0	0
35600	1	0	0	0	1	0	0
35625	1	0	0	0	1	0	0
35650	1	0	0	0	1	0	0
35675	1	0	0	0	1	0	0
35700	1	0	0	0	1	0	0
35725	1	0	0	0	1	0	0
35750	1	0	0	0	1	0	0
35775	1	0	0	0	1	0	0
35800	1	0	0	0	1	0	0
35825	1	0	0	0	1	0	0
35850	1	0	0	0	1	0	0
35875	1	0	0	0	1	0	0
35900	1	0	0	0	1	0	0
35925	1	0	0	0	1	0	0
35950	1	0	0	0	1	0	0
35975	1	0	0	0	1	0	0
36000	1	0	0	0	1	0	0
36025	1	0	0	0	1	0	0
36050	1	0	0	0	1	0	0
36075	1	0	0	0	1	0	0
36100	1	0	0	0	1	0	0
36125	1	0	0	0	1	0	0
36150	1	0	0	0	1	0	0
36175	1	0	0	0	1	0	0
36200	1	0	0	0	1	0	0
36225	1	0	0	0	1	0	0
36250	1	0	0	0	1	0	0
36275	1	0	0	0	1	0	0
36300	1	0	0	0	1	0	0
36325	1	0	0	0	1	0	0
36350	1	0	0	0	1	0	0
36375	1	0	0	0	1	0	0
36400	1	0	0	0	1	0	0
36425	1	0	0	0	1	0	0
36450	1	0	0	0	1	0	0
36475	1	0	0	0	1	0	0
36500	1	0	0	0	1	0	0
36525	1	0	0	0	1	0	0
36550	1	0	0	0	0	0	0
36575	1	0	0	0	1	0	0
36600	0	0	0	0	1	0	0
36625	1	0	0	0	1	0	0
36650	1	0	0	0	1	0	0
36675	1	0	0	0	1	0	0
36700	1	0	0	0	0	0	0
36725	1	0	0	0	1	0	0
36750	1	0	0	0	1	0	0
36775	1	0	0	0	1	0	0
36800	1	0	0	0	1	0	0
36825	1	0	0	0	1	0	0
36850	1	0	0	0	1	0	0
36875	1	0	0	0	1	0	0
36900	1	0	0	0	1	0	0
36925	1	0	0	0	1	0	0
36950	1	0	0	0	1	0	0
36975	1	0	0	0	1	0	0
37000	1	0	0	0	1	0	0
37025	1	0	0	0	1	0	0
37050	1	0	0	0	1	0	0
37075	1	0	0	0	1	0	0
37100	1	0	0	0	1	0	0
37125	1	0	0	0	1	0	0
37150	1	0	0	0	1	0	0
37175	1	0	0	0	1	0	0
37200	0	0	0	0	1	0	0
37225	0	0	0	0	1	0	0
37250	0	0	0	0	1	0	0
37275	0	0	0	0	1	0	0
37300	0	0	0	0	1	0	0
37325	0	0	0	0	1	0	0
37350	0	0	0	0	1	0	0
37375	0	0	0	0	1	0	0
37400	0	0	0	0	1	0	0
37425	0	0	0	0	0	0	0
37450	0	0	0	0	0	0	0
37475	0	0	0	0	0	0	0
37500	0	0	0	0	0	0	0
37525	0	0	0	0	0	0	0
37550	0	0	0	0	0	0	0
37575	1	0	0	0	0	0	0
37600	1	0	0	0	0	0	0
37625	1	0	0	0	0	0	0
37650	1	0	0	0	0	0	0
37675	1	0	0	0	0	0	0
37700	0	0	0	0	0	0	0
37725	0	0	0	0	0	0	0
37750	0	0	0	0	0	0	0
37775	0	0	0	0	0	0	0
37800	0	0	0	0	0	0	0
37825	1	0	0	0	0	0	0
37850	1	0	0	1	0	0	0
37875	1	0	0	1	0	0	0
37900	0	0	0	1	0	0	0
37925	0	0	0	1	0	0	0
37950	0	0	0	1	0	0	0
37975	0	0	0	1	0	0	0
38000	0	0	0	1	0	0	0
38025	0	0	0	1	0	0	0
38050	1	0	0	1	0	0	0
38075	1	0	0	1	0	0	0
38100	1	0	0	1	0	0	0
38125	1	0	0	1	0	0	0
38150	1	0	0	1	0	0	0
38175	1	0	0	1	0	0	0
38200	1	0	0	1	0	0	0
38225	1	0	0	1	0	0	0
38250	1	0	0	1	0	0	0
38275	1	0	0	1	0	0	0
38300	1	0	0	1	0	0	0
38325	1	0	0	1	0	0	0
38350	1	0	0	1	0	0	0
38375	1	0	0	1	0	0	0
38400	1	0	0	1	0	0	0
38425	1	0	0	1	0	0	0
38450	1	0	0	1	0	0	0
38475	1	0	0	1	0	0	0
38500	1	0	0	1	0	0	0
38525	1	0	0	1	0	0	0
38550	1	0	0	1	0	0	0
38575	1	0	0	1	0	0	0
38600	1	0	0	1	0	0	0
38625	1	0	0	1	0	0	0
38650	1	0	0	1	0	0	0
38675	1	0	0	1	0	0	0
38700	1	0	0	1	0	0	0
38725	1	0	0	1	0	0	0
38750	1	0	0	1	0	0	0
38775	1	0	0	1	0	0	0
38800	1	0	0	1	0	0	0
38825	1	0	0	1	0	0	0
38850	1	0	0	1	0	0	0
38875	1	0	0	1	0	0	0
38900	1	0	0	1	0	0	0
38925	1	0	0	1	0	0	0
38950	1	0	0	0	0	0	0
38975	1	0	0	0	0	0	0
39000	1	0	0	0	0	0	0
39025	1	0	0	0	0	0	0
39050	1	0	0	0	0	0	0
39075	0	0	0	0	0	0	0
39100	0	0	0	0	0	0	0
39125	0	0	0	0	0	0	0
39150	0	0	0	0	0	0	0
39175	0	0	0	0	0	0	0
39200	0	0	0	0	0	0	0
39225	0	0	0	0	0	0	0
39250	0	0	0	0	0	0	0
39275	0	0	0	0	0	0	0
39300	1	0	0	0	1	0	0
39325	1	0	0	0	1	0	0
39350	1	0	0	0	0	0	0
39375	1	0	0	0	0	0	0
39400	1	0	0	0	0	0	0
39425	1	0	0	0	0	0	0
39450	1	0	0	0	0	0	0
39475	1	0	0	0	0	0	0
39500	1	0	0	0	0	0	0
39525	1	0	0	0	0	0	0
39550	1	0	0	0	0	0	0
39575	1	0	0	0	0	0	0
39600	1	0	0	0	0	0	0
39625	1	0	0	0	0	0	0
39650	1	0	0	0	0	0	0
39675	1	0	0	0	0	0	0
39700	1	0	0	0	0	0	0
39725	1	0	0	0	1	0	0
39750	1	0	0	0	1	0	0
39775	1	0	0	0	1	0	0
39800	1	0	0	0	1	0	0
39825	1	0	0	0	1	0	0
39850	1	0	0	0	1	0	0
39875	1	0	0	0	1	0	0
39900	1	0	0	0	1	0	0
39925	1	0	0	0	1	0	0
39950	1	0	0	0	1	0	0
39975	1	0	0	0	1	0	0
40000	1	0	0	0	1	0	0
40025	1	0	0	0	1	0	0
40050	1	0	0	0	0	0	0
40075	1	0	0	0	0	0	0
40100	1	0	0	0	0	0	0
40125	1	0	0	0	0	0	0
40150	1	0	0	0	0	0	0
40175	1	0	0	0	0	0	0
40200	1	0	0	0	0	0	0
40225	1	0	0	0	0	0	0
40250	1	0	0	0	0	0	0
40275	1	0	0	0	0	0	0
40300	1	0	0	0	0	0	0
40325	1	0	0	0	0	0	0
40350	1	0	0	0	0	0	0
40375	1	0	0	0	0	0	0
40400	1	0	0	0	0	0	0
40425	1	0	0	0	0	0	0
40450	1	0	0	0	0	0	0
40475	1	0	0	0	0	0	0
40500	1	0	0	0	0	0	0
40525	1	0	0	0	0	0	0
40550	1	0	0	0	0	0	0
40575	1	0	0	0	0	0	0
40600	1	0	0	0	0	0	0
40625	1	0	0	0	0	0	0
40650	1	0	0	0	0	0	0
40675	1	0	0	0	0	0	0
40700	1	0	0	0	0	0	0
40725	1	0	0	0	0	0	0
40750	1	0	0	0	0	0	0
40775	1	0	0	0	0	0	0
40800	1	0	0	0	0	0	0
40825	1	0	0	0	0	0	0
40850	1	0	0	0	0	0	0
40875	1	0	0	0	0	0	0
40900	1	0	0	0	0	0	0
40925	1	0	0	0	0	0	0
40950	1	0	0	0	0	0	0
40975	1	0	0	0	0	0	0
41000	1	0	0	0	0	0	0
41025	1	0	0	0	0	0	0
41050	1	0	0	0	0	0	0
41075	1	0	0	0	0	0	0
41100	1	0	0	0	0	0	0
41125	1	0	0	0	0	0	0
41150	1	0	0	0	0	0	0
41175	1	0	0	0	0	0	0
41200	1	0	0	0	0	0	0
41225	1	0	0	0	0	0	0
41250	1	0	0	0	0	0	0
41275	1	0	0	0	0	0	0
41300	1	0	0	0	0	0	0
41325	1	0	0	0	0	0	0
41350	1	0	0	0	0	0	0
41375	1	0	0	0	0	0	0
41400	0	0	0	0	0	0	0
41425	0	0	0	0	0	0	0
41450	0	0	0	0	0	0	0
41475	0	0	0	0	0	0	0
41500	0	0	0	0	0	0	0
41525	0	0	0	0	0	0	0
41550	0	0	0	0	0	0	0
41575	0	0	0	0	0	0	0
41600	1	0	0	0	0	0	0
41625	1	0	0	0	0	0	0
41650	1	0	0	0	0	0	0
41675	1	0	0	0	0	0	0
41700	1	0	0	0	0	0	0
41725	1	0	0	0	0	0	0
41750	1	0	0	0	0	0	0
41775	1	0	0	0	0	0	0
41800	1	0	0	0	0	0	0
41825	1	0	0	0	0	0	0
41850	1	0	0	0	0	0	0
41875	1	0	0	0	0	0	0
41900	1	0	0	0	0	0	0
41925	1	0	0	0	0	0	0
41950	1	0	0	0	0	0	0
41975	1	0	0	0	0	0	0
42000	1	0	0	0	0	0	0
42025	1	0	0	0	0	0	0
42050	1	0	0	0	0	0	0
42075	1	0	0	0	0	0	0
42100	1	0	0	0	0	0	0
42125	1	0	0	0	0	0	0
42150	1	0	0	0	0	0	0
42175	1	0	0	0	0	0	0
42200	1	0	0	0	0	0	0
42225	1	0	0	0	0	0	0
42250	1	0	0	0	0	0	0
42275	1	0	0	0	0	0	0
42300	1	0	0	0	0	0	0
42325	1	0	0	0	0	0	0
42350	1	0	0	0	0	0	0
42375	1	0	0	0	0	0	0
42400	1	0	0	0	0	0	0
42425	1	0	0	0	0	0	0
42450	1	0	0	0	0	0	0
42475	1	0	0	0	0	0	0
42500	1	0	0	0	0	0	0
42525	1	0	0	0	0	0	0
42550	0	0	0	0	0	0	0
42575	0	0	0	0	0	0	0
42600	0	0	0	0	0	0	0
42625	1	0	0	0	0	0	0
42650	1	0	0	0	0	0	0
42675	1	0	0	0	0	0	0
42700	1	0	0	0	0	0	0
42725	1	0	0	0	0	0	0
42750	1	0	0	0	0	0	0
42775	1	0	0	0	0	0	0
42800	1	0	0	0	0	0	0
42825	1	0	0	0	0	0	0
42850	1	0	0	0	0	0	0
42875	1	0	0	0	0	0	0
42900	1	0	0	0	0	0	0
42925	0	0	0	0	0	0	0
42950	0	0	0	0	0	0	0
42975	0	0	0	0	0	0	0
43000	0	0	0	0	0	0	0
43025	0	0	0	0	0	0	0
43050	0	0	1	0	0	0	0
43075	0	0	0	0	0	0	0
43100	0	0	0	0	0	0	0
43125	1	0	1	0	0	0	0
43150	1	0	1	0	0	0	0
43175	1	0	1	0	0	0	0
43200	1	0	1	0	0	0	0
43225	1	0	1	0	0	0	0
43250	0	0	1	0	0	0	0
43275	0	0	1	0	0	0	0
43300	0	0	1	0	0	0	0
43325	0	0	1	0	0	0	0
43350	0	0	1	0	0	0	0
43375	0	0	1	0	0	0	0
43400	0	0	1	0	0	0	0
43425	0	0	1	0	0	0	0
43450	0	0	1	0	0	0	0
43475	0	0	1	0	0	0	0
43500	0	0	1	0	0	0	0
43525	0	0	1	0	0	0	0
43550	0	0	1	0	0	0	0
43575	0	0	1	0	0	0	0
43600	0	0	1	0	0	0	0
43625	0	0	1	0	0	0	0
43650	0	0	1	0	0	0	0
43675	0	0	1	0	0	0	0
43700	0	0	1	0	0	0	0
43725	0	0	1	0	0	0	0
43750	0	0	1	0	0	0	0
43775	0	0	1	0	0	0	0
43800	0	0	1	0	0	0	0
43825	0	0	1	0	0	0	0
43850	0	0	1	0	0	0	0
43875	0	0	1	0	0	0	0
43900	0	0	1	0	0	0	0
43925	0	0	1	0	0	0	0
43950	0	0	1	0	0	0	0
43975	0	0	1	0	0	0	0
44000	0	0	1	0	0	0	0
44025	0	0	1	0	0	0	0
44050	0	0	1	0	0	0	0
44075	0	0	1	0	0	0	0
44100	0	0	1	0	0	0	0
44125	0	0	1	0	0	0	0
44150	0	0	1	0	0	0	0
44175	0	0	1	0	0	0	0
44200	0	0	1	0	0	0	0
44225	0	0	1	0	0	0	0
44250	0	0	1	0	0	0	0
44275	0	0	1	0	0	0	0
44300	0	0	1	0	0	0	0
44325	0	0	1	0	0	0	0
44350	0	0	1	0	0	0	0
44375	0	0	1	0	0	0	0
44400	0	0	1	0	0	0	0
44425	1	0	1	0	0	0	0
44450	1	0	1	0	0	0	0
44475	0	0	1	0	0	0	0
44500	0	0	1	0	0	0	0
44525	0	0	1	0	0	0	0
44550	0	0	1	0	0	0	0
44575	0	0	1	0	0	0	0
44600	0	0	1	0	0	0	0
44625	0	0	1	0	0	0	0
44650	0	0	1	0	0	0	0
44675	0	0	1	0	0	0	0
44700	0	0	1	0	0	0	0
44725	0	0	1	0	0	0	0
44750	0	0	1	0	0	0	0
44775	0	0	1	0	0	0	0
44800	0	0	1	0	0	0	0
44825	0	0	1	0	0	0	0
44850	0	0	1	0	0	0	0
44875	0	0	1	0	0	0	0
44900	0	0	1	0	0	0	0
44925	0	0	1	0	0	0	0
44950	0	0	1	0	0	0	0
44975	0	0	1	0	0	0	0
45000	0	0	1	0	0	0	0
45025	0	0	1	0	0	0	0
45050	0	0	1	0	0	0	0
45075	0	0	1	0	0	0	0
45100	0	0	1	0	0	0	0
45125	0	0	1	0	0	0	0
45150	0	0	1	0	0	0	0
45175	0	0	1	0	0	0	0
45200	0	0	1	0	0	0	0
45225	0	0	1	0	0	0	0
45250	0	0	1	0	0	0	0
45275	0	0	1	0	0	0	0
45300	0	0	1	0	0	0	0
45325	0	0	1	0	0	0	0
45350	0	0	1	0	0	0	0
45375	0	0	1	0	0	0	0
45400	0	0	1	0	0	0	0
45425	0	0	1	0	0	0	0
45450	0	0	1	0	0	0	0
45475	0	0	1	0	0	0	0
45500	0	0	1	0	0	0	0
45525	0	0	1	0	0	0	0
45550	0	0	1	0	0	0	0
45575	0	0	1	0	0	0	0
45600	0	0	1	0	0	0	0
45625	0	0	1	0	0	0	0
45650	0	0	1	0	0	0	0
45675	0	0	1	0	0	0	0
45700	0	0	1	0	0	0	0
45725	0	0	1	0	0	0	0
45750	0	0	1	0	0	0	0
45775	0	0	1	0	0	0	0
45800	0	0	1	0	0	0	0
45825	0	0	1	0	0	0	0
45850	0	0	1	0	0	0	0
45875	0	0	1	0	0	0	0
45900	0	0	1	0	0	0	0
45925	0	0	1	0	0	0	0
45950	0	0	1	0	0	0	0
45975	0	0	1	0	0	0	0
46000	0	0	1	0	0	0	0
46025	0	0	1	0	0	0	0
46050	0	0	1	0	0	0	0
46075	0	0	1	0	0	0	0
46100	0	0	1	0	0	0	0
46125	0	0	1	0	0	0	0
46150	0	0	1	0	0	0	0
46175	0	0	1	0	0	0	0
46200	0	0	1	0	0	0	0
46225	0	0	1	0	0	0	0
46250	0	0	1	0	0	0	0
46275	0	0	1	0	0	0	0
46300	0	0	0	0	0	0	0
46325	0	0	0	0	0	0	0
46350	0	0	1	0	0	0	0
46375	0	0	0	0	0	0	0
46400	0	0	1	0	0	0	0
46425	0	0	1	0	0	0	0
46450	0	0	1	0	0	0	0
46475	0	0	1	0	0	0	0
46500	0	0	1	0	0	0	0
46525	0	0	1	0	0	0	0
46550	0	0	1	0	0	0	0
46575	0	0	1	0	0	0	0
46600	0	0	1	0	0	0	0
46625	0	0	1	0	0	0	0
46650	0	0	1	0	0	0	0
46675	0	0	1	0	0	0	0
46700	0	0	1	0	0	0	0
46725	0	0	1	0	0	0	0
46750	0	0	1	0	0	0	0
46775	0	0	1	0	0	0	0
46800	0	0	1	0	0	0	0
46825	0	0	1	0	0	0	0
46850	0	0	1	0	0	0	0
46875	0	0	1	0	0	0	0
46900	0	0	1	0	0	0	0
46925	0	0	1	0	0	0	0
46950	0	0	1	0	0	0	0
46975	0	0	1	0	0	0	0
47000	0	0	1	0	0	0	0
47025	0	0	1	0	0	0	0
47050	0	0	1	0	0	0	0
47075	0	0	1	0	0	0	0
47100	0	0	1	0	0	0	0
47125	0	0	1	0	0	0	0
47150	0	0	1	0	0	0	0
47175	0	0	1	0	0	0	0
47200	0	0	1	0	0	0	0
47225	0	0	1	0	0	0	0
47250	0	0	1	0	0	0	0
47275	0	0	1	0	0	0	0
47300	0	0	1	0	0	0	0
47325	0	0	1	0	0	0	0
47350	0	0	1	0	0	0	0
47375	0	0	1	0	0	0	0
47400	0	0	1	0	0	0	0
47425	0	0	1	0	0	0	0
47450	0	0	1	0	0	0	0
47475	0	0	1	0	0	0	0
47500	0	0	1	0	0	0	0
47525	0	0	1	0	0	0	0
47550	0	0	1	0	0	0	0
47575	0	0	1	0	0	0	0
47600	0	0	1	0	0	0	0
47625	0	0	1	0	0	0	0
47650	0	0	1	0	0	0	0
47675	0	0	1	0	0	0	0
47700	0	0	1	0	0	0	0
47725	0	0	1	0	0	0	0
47750	0	0	1	0	0	0	0
47775	0	0	1	0	0	0	0
47800	0	0	1	0	0	0	0
47825	0	0	1	0	0	0	0
47850	0	0	1	0	0	0	0
47875	0	0	1	0	0	0	0
47900	0	0	1	0	0	0	0
47925	0	0	1	0	0	0	0
47950	0	0	1	0	0	0	0
47975	0	0	1	0	0	0	0
48000	0	0	1	0	0	0	0
48025	0	0	1	0	0	0	0
48050	0	0	1	0	0	0	0
48075	0	0	1	0	0	0	0
48100	0	0	1	0	0	0	0
48125	0	0	1	0	0	0	0
48150	0	0	1	0	0	0	0
48175	0	0	1	0	0	0	0
48200	0	0	1	0	0	0	0
48225	0	0	1	0	0	0	0
48250	0	0	1	0	0	0	0
48275	0	0	1	0	0	0	0
48300	0	0	1	0	0	0	0
48325	0	0	1	0	0	0	0
48350	0	0	1	0	0	0	0
48375	0	0	1	0	0	0	0
48400	0	0	1	0	0	0	0
48425	0	0	1	0	0	0	0
48450	0	0	1	0	0	0	0
48475	0	0	1	0	0	0	0
48500	0	0	1	0	0	0	0
48525	0	0	0	0	0	0	0
48550	0	0	1	0	0	0	0
48575	0	0	1	0	0	0	0
48600	0	0	1	0	0	0	0
48625	0	0	1	0	0	0	0
48650	0	0	1	0	0	0	0
48675	0	0	1	0	0	0	0
48700	0	0	1	0	0	0	0
48725	0	0	1	0	0	0	0
48750	0	0	1	0	0	0	0
48775	0	0	1	0	0	0	0
48800	0	0	1	0	0	0	0
48825	0	0	1	0	0	0	0
48850	0	0	1	0	0	0	0
48875	0	0	1	0	0	0	0
48900	0	0	1	0	0	0	0
48925	0	0	1	0	0	0	0
48950	0	0	1	0	0	0	0
48975	0	0	1	0	0	0	0
49000	0	0	1	0	0	0	0
49025	0	0	1	0	0	0	0
49050	0	0	1	0	0	0	0
49075	0	0	1	0	0	0	0
49100	0	0	1	0	0	0	0
49125	0	0	1	0	0	0	0
49150	0	0	1	0	0	0	0
49175	0	0	1	0	0	0	0
49200	0	0	1	0	0	0	0
49225	0	0	1	0	0	0	0
49250	0	0	1	0	0	0	0
49275	0	0	1	0	0	0	0
49300	0	0	1	0	0	0	0
49325	0	0	1	0	0	0	0
49350	0	0	1	0	0	0	0
49375	0	0	1	0	0	0	0
49400	0	0	1	0	0	0	0
49425	0	0	1	0	0	0	0
49450	0	0	1	0	0	0	0
49475	0	0	1	0	0	0	0
49500	0	0	1	0	0	0	0
49525	0	0	1	0	0	0	0
49550	0	0	1	0	0	0	0
49575	0	0	1	0	0	0	0
49600	0	0	1	0	0	0	0
49625	0	0	1	0	0	0	0
49650	0	0	1	0	0	0	0
49675	0	0	1	0	0	0	0
49700	0	0	1	0	0	0	0
49725	0	0	1	0	0	0	0
49750	0	0	1	0	0	0	0
49775	0	0	1	0	0	0	0
49800	0	0	1	0	0	0	0
49825	0	0	1	0	0	0	0
49850	0	0	1	0	0	0	0
49875	0	0	1	0	0	0	0
49900	0	0	1	0	0	0	0
49925	0	0	1	0	0	0	0
49950	0	0	1	0	0	0	0
49975	0	0	1	0	0	0	0
50000	0	0	1	0	0	0	0
50025	0	0	1	0	0	0	0
50050	0	0	1	0	0	0	0
50075	0	0	1	0	0	0	0
50100	0	0	1	0	0	0	0
50125	0	0	1	0	0	0	0
50150	0	0	1	0	0	0	0
50175	0	0	1	0	0	0	0
50200	0	0	1	0	0	0	0
50225	0	0	1	0	0	0	0
50250	0	0	1	0	0	0	0
50275	0	0	1	0	0	0	0
50300	0	0	1	0	0	0	0
50325	0	0	1	0	0	0	0
50350	0	0	1	0	0	0	0
50375	0	0	1	0	0	0	0
50400	0	0	1	0	0	0	0
50425	0	0	1	0	0	0	0
50450	0	0	1	0	0	0	0
50475	0	0	1	0	0	0	0
50500	0	0	0	0	0	0	0
50525	0	0	0	0	0	0	0
50550	0	0	0	0	0	0	0
50575	0	0	0	0	0	0	0
50600	0	0	0	0	0	0	0
50625	0	0	1	0	0	0	0
50650	0	0	1	0	0	0	0
50675	0	0	1	0	0	0	0
50700	0	0	1	0	0	0	0
50725	0	0	1	0	0	0	0
50750	0	0	1	0	0	0	0
50775	0	0	1	0	0	0	0
50800	0	0	1	0	0	0	0
50825	0	0	1	0	0	0	0
50850	0	0	1	0	0	0	0
50875	0	0	1	0	0	0	0
50900	0	0	1	0	0	0	0
50925	0	0	1	0	0	0	0
50950	0	0	1	0	0	0	0
50975	0	0	1	0	0	0	0
51000	0	0	1	0	0	0	0
51025	0	0	1	0	0	0	0
51050	0	0	1	0	0	0	0
51075	0	0	1	0	0	0	0
51100	0	0	1	0	0	0	0
51125	0	0	1	0	0	0	0
51150	0	0	1	0	0	0	0
51175	0	0	1	0	0	0	0
51200	0	0	1	0	0	0	0
51225	0	0	1	0	0	0	0
51250	0	0	1	0	0	0	0
51275	0	0	1	0	0	0	0
51300	0	0	1	0	0	0	0
51325	0	0	1	0	0	0	0
51350	0	0	1	0	0	0	0
51375	0	0	1	0	0	0	0
51400	0	0	1	0	0	0	0
51425	0	0	1	0	0	0	0
51450	0	0	1	0	0	0	0
51475	0	0	1	0	0	0	0
51500	0	0	1	0	0	0	0
51525	0	0	1	0	0	0	0
51550	0	0	1	0	0	0	0
51575	0	0	1	0	0	0	0
51600	0	0	1	0	0	0	0
51625	0	0	1	0	0	0	0
51650	0	0	1	0	0	0	0
51675	0	0	1	0	0	0	0
51700	0	0	1	0	0	0	0
51725	0	0	1	0	0	0	0
51750	0	0	1	0	0	0	0
51775	0	0	1	0	0	0	0
51800	0	0	1	0	0	0	0
51825	0	0	1	0	0	0	0
51850	0	0	1	0	0	0	0
51875	0	0	1	0	0	0	0
51900	0	0	1	0	0	0	0
51925	0	0	0	0	0	0	0
51950	0	0	1	0	0	0	0
51975	0	0	1	0	0	0	0
52000	0	0	1	0	0	0	0
52025	0	0	1	0	0	0	0
52050	0	0	1	0	0	0	0
52075	0	0	1	0	0	0	0
52100	0	0	1	0	0	0	0
52125	0	0	1	0	0	0	0
52150	0	0	1	0	0	0	0
52175	0	0	1	0	0	0	0
52200	0	0	1	0	0	0	0
52225	0	0	1	0	0	0	0
52250	0	0	1	0	0	0	0
52275	0	0	1	0	0	0	0
52300	0	0	1	0	0	0	0
52325	0	0	1	0	0	0	0
52350	0	0	1	0	0	0	0
52375	0	0	0	0	0	0	0
52400	0	0	1	0	0	0	0
52425	0	0	0	0	0	0	0
52450	0	0	0	0	0	0	0
52475	0	0	1	0	0	0	0
52500	0	0	1	0	0	0	0
52525	0	0	1	0	0	0	0
52550	0	0	1	0	0	0	0
52575	0	0	1	0	0	0	0
52600	0	0	1	0	0	0	0
52625	0	0	1	0	0	0	0
52650	0	0	1	0	0	0	0
52675	0	0	1	0	0	0	0
52700	0	0	1	0	0	0	0
52725	0	0	1	0	0	0	0
52750	0	0	0	0	0	0	0
52775	0	0	0	0	0	0	0
52800	0	0	1	0	0	0	0
52825	0	0	1	0	0	0	0
52850	0	0	0	0	0	0	0
52875	0	0	0	0	0	0	0
52900	0	0	1	0	0	0	0
52925	0	0	1	0	0	0	0
52950	0	0	1	0	0	0	0
52975	0	0	1	0	0	0	0
53000	0	0	1	0	0	0	0
53025	0	0	1	0	0	0	0
53050	0	0	1	0	0	0	0
53075	0	0	1	0	0	0	0
53100	0	0	1	0	0	0	0
53125	0	0	1	0	0	0	0
53150	0	0	1	0	0	0	0
53175	0	0	1	0	0	0	0
53200	0	0	1	0	0	0	0
53225	0	0	1	0	0	0	0
53250	0	0	1	0	0	0	0
53275	0	0	1	0	0	0	0
53300	0	0	1	0	0	0	0
53325	0	0	1	0	0	0	0
53350	0	0	1	0	0	0	0
53375	0	0	0	0	0	0	0
53400	0	0	0	0	0	0	0
53425	0	0	0	0	0	0	0
53450	0	0	1	0	0	0	0
53475	0	0	0	0	0	0	0
53500	0	0	0	0	0	0	0
53525	0	0	0	0	0	0	0
53550	0	0	0	0	0	0	0
53575	0	0	0	0	0	0	0
53600	0	0	0	0	0	0	0
53625	0	0	0	0	0	0	0
53650	0	0	0	0	0	0	0
53675	0	0	0	0	0	0	0
53700	0	0	1	0	0	0	0
53725	0	0	1	0	0	0	0
53750	0	0	1	0	0	0	0
53775	0	0	1	0	0	0	0
53800	0	0	1	0	0	0	0
53825	0	0	1	0	0	0	0
53850	0	0	1	0	0	0	0
53875	0	0	1	0	0	0	0
53900	0	0	1	0	0	0	0
53925	0	0	1	0	0	0	0
53950	0	0	1	0	0	0	0
53975	0	0	1	0	0	0	0
54000	0	0	1	0	0	0	0
54025	0	0	1	0	0	0	0
54050	0	0	1	0	0	0	0
54075	0	0	1	0	0	0	0
54100	0	0	1	0	0	0	0
54125	0	0	1	0	0	0	0
54150	0	0	1	0	0	0	0
54175	0	0	1	0	0	0	0
54200	0	0	1	0	0	0	0
54225	0	0	1	0	0	0	0
54250	0	0	1	0	0	0	0
54275	0	0	1	0	0	0	0
54300	0	0	1	0	0	0	0
54325	0	0	1	0	0	0	0
54350	0	0	1	0	0	0	0
54375	0	0	1	0	0	0	0
54400	0	0	1	0	0	0	0
54425	0	0	1	0	0	0	0
54450	0	0	1	0	0	0	0
54475	0	0	1	0	0	0	0
54500	0	0	1	0	0	0	0
54525	0	0	1	0	0	0	0
54550	0	0	1	0	0	0	0
54575	0	0	1	0	0	0	0
54600	0	0	1	0	0	0	0
54625	0	0	1	0	0	0	0
54650	0	0	1	0	0	0	0
54675	0	0	0	0	0	0	0
54700	1	0	1	0	0	0	0
54725	1	0	1	0	0	0	0
54750	1	0	1	0	0	0	0
54775	1	0	1	0	0	0	0
54800	1	0	1	0	0	0	0
54825	1	0	1	0	0	0	0
54850	1	0	1	0	0	0	0
54875	1	0	1	0	0	0	0
54900	1	0	1	0	0	0	0
54925	1	0	1	0	0	0	0
54950	1	0	1	0	0	0	0
54975	1	0	1	0	0	0	0
55000	0	0	1	0	0	0	0
55025	0	0	1	0	0	0	0
55050	0	0	1	0	0	0	0
55075	0	0	1	0	0	0	0
55100	0	0	1	0	0	0	0
55125	0	0	1	0	0	0	0
55150	0	0	1	0	0	0	0
55175	0	0	1	0	0	0	0
55200	0	0	1	0	0	0	0
55225	0	0	1	0	0	0	0
55250	0	0	1	0	0	0	0
55275	0	0	1	0	0	0	0
55300	1	0	1	0	0	0	0
55325	1	0	1	0	0	0	0
55350	1	0	1	0	0	0	0
55375	1	0	1	0	0	0	0
55400	1	0	1	0	0	0	0
55425	1	0	1	0	0	0	0
55450	1	0	1	0	0	0	0
55475	1	0	1	0	0	0	0
55500	1	0	1	0	0	0	0
55525	1	0	1	0	0	0	0
55550	1	0	1	0	0	0	0
55575	1	0	1	0	0	0	0
55600	1	0	1	0	0	0	0
55625	1	0	1	0	0	0	0
55650	1	0	1	0	0	0	0
55675	1	0	1	0	0	0	0
55700	1	0	1	0	0	0	0
55725	1	0	1	0	0	0	0
55750	1	0	1	0	0	0	0
55775	1	0	1	0	0	0	0
55800	1	0	1	0	0	0	0
55825	1	0	1	0	0	0	0
55850	1	0	1	0	0	0	0
55875	1	0	1	0	0	0	0
55900	1	0	1	0	0	0	0
55925	1	0	1	0	0	0	0
55950	1	0	1	0	0	0	0
55975	1	0	1	0	0	0	0
56000	1	0	1	0	0	0	0
56025	1	0	1	0	0	0	0
56050	1	0	0	0	0	0	0
56075	0	0	1	0	0	0	0
56100	0	0	1	0	0	0	0
56125	0	0	1	0	0	0	0
56150	0	0	1	0	0	0	0
56175	0	0	1	0	0	0	0
56200	0	0	1	0	0	0	0
56225	0	0	0	0	0	0	0
56250	0	0	0	0	0	0	0
56275	0	0	0	0	0	0	0
56300	0	0	0	0	0	0	0
56325	0	0	0	0	0	0	0
56350	0	0	0	0	0	0	0
56375	0	0	0	0	0	0	0
56400	0	0	1	0	0	0	0
56425	0	0	1	0	0	0	0
56450	0	0	1	0	0	0	0
56475	0	0	1	0	0	0	0
56500	0	0	1	0	0	0	0
56525	0	0	1	0	0	0	0
56550	0	0	1	0	0	0	0
56575	0	0	1	0	0	0	0
56600	0	0	1	0	0	0	0
56625	0	0	1	0	0	0	0
56650	0	0	1	0	0	0	0
56675	0	0	1	0	0	0	0
56700	0	0	1	0	0	0	0
56725	0	0	1	0	0	0	0
56750	0	0	1	0	0	0	0
56775	0	0	1	0	0	0	0
56800	1	0	1	0	0	0	0
56825	1	0	1	0	0	0	0
56850	1	0	1	0	0	0	0
56875	1	0	1	0	0	0	0
56900	1	0	1	0	0	0	0
56925	1	0	1	0	0	0	0
56950	1	0	1	0	0	0	0
56975	1	0	1	0	0	0	0
57000	1	0	1	0	0	0	0
57025	1	0	1	0	0	0	0
57050	1	0	1	0	0	0	0
57075	1	0	1	0	0	0	0
57100	1	0	1	0	0	0	0
57125	1	0	1	0	0	0	0
57150	1	0	1	0	0	0	0
57175	1	0	1	0	0	0	0
57200	1	0	1	0	0	0	0
57225	1	0	1	0	0	0	0
57250	1	0	1	0	0	0	0
57275	1	0	1	0	0	0	0
57300	1	0	1	0	0	0	0
57325	1	0	1	0	0	0	0
57350	1	0	1	0	0	0	0
57375	0	0	1	0	0	0	0
57400	0	0	1	0	0	0	0
57425	1	0	1	0	0	0	0
57450	1	0	1	0	0	0	0
57475	1	0	1	0	0	0	0
57500	1	0	1	0	0	0	0
57525	1	0	1	0	0	0	0
57550	1	0	1	0	0	0	0
57575	1	0	1	0	0	0	0
57600	1	0	1	0	0	0	0
57625	1	0	1	0	0	0	0
57650	1	0	1	0	0	0	0
57675	1	0	1	0	0	0	0
57700	1	0	1	0	0	0	0
57725	1	0	1	0	0	0	0
57750	1	0	1	0	0	0	0
57775	1	0	1	0	0	0	0
57800	1	0	1	0	0	0	0
57825	1	0	1	0	0	0	0
57850	1	0	1	0	0	0	0
57875	1	0	1	0	0	0	0
57900	1	0	1	0	0	0	0
57925	1	0	1	0	0	0	0
57950	1	0	1	0	0	0	0
57975	1	0	1	0	0	0	0
58000	1	0	1	0	0	0	0
58025	1	0	1	0	0	0	0
58050	1	0	1	0	0	0	0
58075	1	0	1	0	0	0	0
58100	1	0	0	0	0	0	0
58125	1	0	0	0	0	0	0
58150	1	0	0	0	0	0	0
58175	1	0	0	0	0	0	0
58200	1	0	0	0	0	0	0
58225	1	0	0	0	0	0	0
58250	1	0	0	0	0	0	0
58275	1	0	0	0	0	0	0
58300	1	0	1	0	0	0	0
58325	1	0	1	0	0	0	0
58350	1	0	1	0	0	0	0
58375	1	0	1	0	0	0	0
58400	1	0	1	0	0	0	0
58425	1	0	1	0	0	0	0
58450	1	0	0	0	0	0	0
58475	1	0	1	0	0	0	0
58500	0	0	1	0	0	0	0
58525	0	0	1	0	0	0	0
58550	0	0	1	0	0	0	0
58575	0	0	1	0	0	0	0
58600	0	0	1	0	0	0	0
58625	0	0	1	0	0	0	0
58650	0	0	1	0	0	0	0
58675	0	0	1	0	0	0	0
58700	0	0	1	0	0	0	0
58725	0	0	1	0	0	0	0
58750	0	0	1	0	0	0	0
58775	0	0	1	0	0	0	0
58800	0	0	1	0	0	0	0
58825	0	0	1	0	0	0	0
58850	0	0	1	0	0	0	0
58875	0	0	1	0	0	0	0
58900	0	0	1	0	0	0	0
58925	0	0	1	0	0	0	0
58950	0	0	1	0	0	0	0
58975	0	0	1	0	0	0	0
59000	0	0	1	0	0	0	0
59025	0	0	1	0	0	0	0
59050	0	0	1	0	0	0	0
59075	0	0	1	0	0	0	0
59100	0	0	1	0	0	0	0
59125	0	0	1	0	0	0	0
59150	0	0	1	0	0	0	0
59175	0	0	1	0	0	0	0
59200	0	0	1	0	0	0	0
59225	0	0	1	0	0	0	0
59250	0	0	1	0	0	0	0
59275	0	0	1	0	0	0	0
59300	0	0	1	0	0	0	0
59325	0	0	1	0	0	0	0
59350	0	0	1	0	0	0	0
59375	0	0	1	0	0	0	0
59400	0	0	1	0	0	0	0
59425	0	0	1	0	0	0	0
59450	0	0	1	0	0	0	0
59475	0	0	1	0	0	0	0
59500	0	0	1	0	0	0	0
59525	0	0	1	0	0	0	0
59550	0	0	1	0	0	0	0
59575	0	0	1	0	0	0	0
59600	0	0	1	0	0	0	0
59625	0	0	1	0	0	0	0
59650	0	0	1	0	0	0	0
59675	0	0	0	0	0	0	0
59700	0	0	0	0	0	0	0
59725	1	0	0	0	0	0	0
59750	1	0	0	0	0	0	0
59775	1	0	1	0	0	0	0
59800	1	0	1	0	0	0	0
59825	1	0	1	0	0	0	0
59850	1	0	1	0	0	0	0
59875	1	0	1	0	0	0	0
59900	1	0	1	0	0	0	0
59925	1	0	1	0	0	0	0
59950	1	0	1	0	0	0	0
59975	1	0	1	0	0	0	0
60000	1	0	1	0	0	0	0
60025	1	0	1	0	0	0	0
60050	1	0	1	0	0	0	0
60075	1	0	1	0	0	0	0
60100	1	0	1	0	0	0	0
60125	1	0	1	0	0	0	0
60150	1	0	1	0	0	0	0
60175	1	0	1	0	0	0	0
60200	1	0	1	0	0	0	0
60225	1	0	1	0	0	0	0
60250	1	0	1	0	0	0	0
60275	1	0	1	0	0	0	0
60300	1	0	1	0	0	0	0
60325	1	0	1	0	0	0	0
60350	1	0	1	0	0	0	0
60375	1	0	1	0	0	0	0
60400	1	0	1	0	0	0	0
60425	1	0	1	0	0	0	0
60450	1	0	1	0	0	0	0
60475	1	0	1	0	0	0	0
60500	1	0	1	0	0	0	0
60525	1	0	1	0	0	0	0
60550	1	0	1	0	0	0	0
60575	1	0	1	0	0	0	0
60600	1	0	1	0	0	0	0
60625	1	0	1	0	0	0	0
60650	1	0	1	0	0	0	0
60675	1	0	1	0	0	0	0
60700	1	0	1	0	0	0	0
60725	1	0	1	0	0	0	0
60750	1	0	1	0	0	0	0
60775	1	0	1	0	0	0	0
60800	1	0	1	0	0	0	0
60825	1	0	1	0	0	0	0
60850	1	0	1	0	0	0	0
60875	1	0	1	0	0	0	0
60900	1	0	1	0	0	0	0
60925	1	0	1	0	0	0	0
60950	1	0	1	0	0	0	0
60975	1	0	1	0	0	0	0
61000	1	0	1	0	0	0	0
61025	1	0	1	0	0	0	0
61050	1	0	1	0	0	0	0
61075	1	0	1	0	0	0	0
61100	1	0	1	0	0	0	0
61125	1	0	1	0	0	0	0
61150	1	0	0	0	0	0	0
61175	1	0	0	0	0	0	0
61200	1	0	0	0	0	0	0
61225	1	0	1	0	0	0	0
61250	1	0	1	0	0	0	0
61275	1	0	1	0	0	0	0
61300	1	0	1	0	0	0	0
61325	1	0	1	0	0	0	0
61350	1	0	1	0	0	0	0
61375	1	0	1	0	0	0	0
61400	1	0	1	0	0	0	0
61425	1	0	1	0	0	0	0
61450	1	0	1	0	0	0	0
61475	1	0	1	0	0	0	0
61500	1	0	1	0	0	0	0
61525	1	0	1	0	0	0	0
61550	1	0	1	0	0	0	0
61575	1	0	1	0	0	0	0
61600	1	0	1	0	0	0	0
61625	1	0	1	0	0	0	0
61650	1	0	1	0	0	0	0
61675	1	0	1	0	0	0	0
61700	1	0	1	0	0	0	0
61725	1	0	1	0	0	0	0
61750	1	0	1	0	0	0	0
61775	1	0	0	0	0	0	0
61800	1	0	1	0	0	0	0
61825	1	0	1	0	0	0	0
61850	1	0	1	0	0	0	0
61875	1	0	1	0	0	0	0
61900	1	0	1	0	0	0	0
61925	1	0	1	0	0	0	0
61950	1	0	1	0	0	0	0
61975	1	0	1	0	0	0	0
62000	1	0	1	0	0	0	0
62025	1	0	1	0	0	0	0
62050	1	0	1	0	0	0	0
62075	1	0	1	0	0	0	0
62100	1	0	1	0	0	0	0
62125	1	0	1	0	0	0	0
62150	1	0	1	0	0	0	0
62175	1	0	1	0	0	0	0
62200	1	0	1	0	0	0	0
62225	1	0	1	0	0	0	0
62250	1	0	1	0	0	0	0
62275	1	0	1	0	0	0	0
62300	1	0	1	0	0	0	0
62325	1	0	1	0	0	0	0
62350	1	0	1	0	0	0	0
62375	1	0	1	0	0	0	0
62400	1	0	1	0	0	0	0
62425	1	0	1	0	0	0	0
62450	1	0	1	0	0	0	0
62475	1	0	1	0	0	0	0
62500	1	0	1	0	0	0	0
62525	1	0	1	0	0	0	0
62550	1	0	1	0	0	0	0
62575	1	0	1	0	0	0	0
62600	1	0	1	0	0	0	0
62625	1	0	1	0	0	0	0
62650	1	0	1	0	0	0	0
62675	1	0	1	0	0	0	0
62700	1	0	1	0	0	0	0
62725	1	0	1	0	0	0	0
62750	1	0	1	0	0	0	0
62775	1	0	1	0	0	0	0
62800	1	0	1	0	0	0	0
62825	1	0	1	0	0	0	0
62850	1	0	1	0	0	0	0
62875	1	0	1	0	0	0	0
62900	1	0	1	0	0	0	0
62925	1	0	1	0	0	0	0
62950	1	0	1	0	0	0	0
62975	1	0	1	0	0	0	0
63000	1	0	1	0	0	0	0
63025	0	0	1	0	0	0	0
63050	1	0	1	0	0	0	0
63075	1	0	0	0	0	0	0
63100	1	0	0	0	0	0	0
63125	1	0	0	0	0	0	0
63150	1	0	0	0	0	0	0
63175	1	0	1	0	0	0	0
63200	1	0	1	0	0	0	0
63225	1	0	1	0	0	0	0
63250	1	0	1	0	0	0	0
63275	1	0	1	0	0	0	0
63300	1	0	1	0	0	0	0
63325	1	0	1	0	0	0	0
63350	1	0	1	0	0	0	0
63375	1	0	1	0	0	0	0
63400	1	0	1	0	0	0	0
63425	1	0	1	0	0	0	0
63450	1	0	1	0	0	0	0
63475	1	0	1	0	0	0	0
63500	1	0	1	0	0	0	0
63525	1	0	1	0	0	0	0
63550	1	0	1	0	0	0	0
63575	1	0	1	0	0	0	0
63600	1	0	1	0	0	0	0
63625	1	0	1	0	0	0	0
63650	1	0	1	0	0	0	0
63675	1	0	1	0	0	0	0
63700	1	0	1	0	0	0	0
63725	1	0	1	0	0	0	0
63750	1	0	1	0	0	0	0
63775	1	0	1	0	0	0	0
63800	1	0	1	0	0	0	0
63825	1	0	1	0	0	0	0
63850	1	0	1	0	0	0	0
63875	1	0	1	0	0	0	0
63900	1	0	1	0	0	0	0
63925	1	0	1	0	0	0	0
63950	1	0	1	0	0	0	0
63975	1	0	0	0	0	0	0
64000	1	0	0	0	0	0	0
64025	1	0	0	0	0	0	0
64050	1	0	0	0	0	0	0
64075	1	0	0	0	0	0	0
64100	1	0	0	0	0	0	0
64125	1	0	0	0	0	0	0
64150	1	0	0	0	0	0	0
64175	1	0	0	0	0	0	0
64200	1	0	0	0	0	0	0
64225	1	0	0	0	0	0	0
64250	1	0	1	0	0	0	0
64275	1	0	1	0	0	0	0
64300	1	0	1	0	0	0	0
64325	1	0	1	0	0	0	0
64350	1	0	1	0	0	0	0
64375	1	0	1	0	0	0	0
64400	1	0	1	0	0	0	0
64425	1	0	1	0	0	0	0
64450	1	0	1	0	0	0	0
64475	1	0	1	0	0	0	0
64500	1	0	1	0	0	0	0
64525	1	0	1	0	0	0	0
64550	1	0	1	0	0	0	0
64575	1	0	1	0	0	0	0
64600	1	0	1	0	0	0	0
64625	1	0	1	0	0	0	0
64650	1	0	1	0	0	0	0
64675	1	0	1	0	0	0	0
64700	1	0	1	0	0	0	0
64725	0	0	1	0	0	0	0
64750	1	0	1	0	0	0	0
64775	1	0	1	0	0	0	0
64800	0	0	1	0	0	0	0
64825	0	0	1	0	0	0	0
64850	1	0	1	0	0	0	0
64875	1	0	1	0	0	0	0
64900	1	0	1	0	0	0	0
64925	1	0	1	0	0	0	0
64950	1	0	1	0	0	0	0
64975	1	0	1	0	0	0	0
65000	1	0	1	0	0	0	0
65025	1	0	1	0	0	0	0
65050	1	0	1	0	0	0	0
65075	1	0	1	0	0	0	0
65100	1	0	0	0	0	0	0
65125	1	0	0	0	0	0	0
65150	1	0	0	0	0	0	0
65175	1	0	0	0	0	0	0
65200	1	0	0	0	0	0	0
65225	1	0	0	0	0	0	0
65250	1	0	0	0	0	0	0
65275	1	0	0	0	0	0	0
65300	1	0	0	0	0	0	0
65325	1	0	1	0	0	0	0
65350	1	0	1	0	0	0	0
65375	1	0	1	0	0	0	0
65400	1	0	0	0	0	0	0
65425	1	0	0	0	0	0	0
65450	1	0	0	0	0	0	0
65475	1	0	0	0	0	0	0
65500	1	0	0	0	0	0	0
65525	1	0	0	0	0	0	0
65550	1	0	1	0	0	0	0
65575	1	0	1	0	0	0	0
65600	1	0	1	0	0	0	0
65625	1	0	1	0	0	0	0
65650	1	0	1	0	0	0	0
65675	1	0	1	0	0	0	0
65700	1	0	1	0	0	0	0
65725	1	0	1	0	0	0	0
65750	1	0	1	0	0	0	0
65775	1	0	1	0	0	0	0
65800	1	0	1	0	0	0	0
65825	1	0	1	0	0	0	0
65850	1	0	1	0	0	0	0
65875	1	0	1	0	0	0	0
65900	1	0	1	0	0	0	0
65925	1	0	1	0	0	0	0
65950	1	0	1	0	0	0	0
65975	1	0	1	0	0	0	0
66000	1	0	1	0	0	0	0
66025	1	0	1	0	0	0	0
66050	1	0	1	0	0	0	0
66075	1	0	1	0	0	0	0
66100	1	0	1	0	0	0	0
66125	1	0	1	0	0	0	0
66150	1	0	1	0	0	0	0
66175	1	0	1	0	0	0	0
66200	1	0	1	0	0	0	0
66225	1	0	1	0	0	0	0
66250	1	0	1	0	0	0	0
66275	1	0	1	0	0	0	0
66300	1	0	1	0	0	0	0
66325	0	0	1	0	0	0	0
66350	0	0	1	0	0	0	0
66375	0	0	1	0	0	0	0
66400	0	0	1	0	0	0	0
66425	0	0	1	0	0	0	0
66450	0	0	1	0	0	0	0
66475	0	0	1	0	0	0	0
66500	0	0	1	0	0	0	0
66525	0	0	1	0	0	0	0
66550	0	0	1	0	0	0	0
66575	1	0	1	0	0	0	0
66600	1	0	1	0	0	0	0
66625	1	0	1	0	0	0	0
66650	1	0	1	0	0	0	0
66675	1	0	1	0	0	0	0
66700	1	0	1	0	0	0	0
66725	1	0	1	0	0	0	0
66750	1	0	1	0	0	0	0
66775	1	0	1	0	0	0	0
66800	1	0	1	0	0	0	0
66825	1	0	1	0	0	0	0
66850	1	0	1	0	0	0	0
66875	1	0	1	0	0	0	0
66900	1	0	1	0	0	0	0
66925	1	0	1	0	0	0	0
66950	1	0	1	0	0	0	0
66975	1	0	1	0	0	0	0
67000	1	0	1	0	0	0	0
67025	1	0	1	0	0	0	0
67050	1	0	1	0	0	0	0
67075	1	0	1	0	0	0	0
67100	1	0	1	0	0	0	0
67125	1	0	1	0	0	0	0
67150	1	0	1	0	0	0	0
67175	1	0	1	0	0	0	0
67200	1	0	1	0	0	0	0
67225	1	0	1	0	0	0	0
67250	1	0	1	0	0	0	0
67275	1	0	1	0	0	0	0
67300	1	0	1	0	0	0	0
67325	1	0	1	0	0	0	0
67350	1	0	1	0	0	0	0
67375	1	0	1	0	0	0	0
67400	1	0	1	0	0	0	0
67425	1	0	1	0	0	0	0
67450	1	0	1	0	0	0	0
67475	1	0	1	0	0	0	0
67500	1	0	1	0	0	0	0
67525	1	0	1	0	0	0	0
67550	1	0	1	0	0	0	0
67575	1	0	1	0	0	0	0
67600	1	0	1	0	0	0	0
67625	1	0	1	0	0	0	0
67650	1	0	1	0	0	0	0
67675	1	0	1	0	0	0	0
67700	1	0	1	0	0	0	0
67725	1	0	1	0	0	0	0
67750	1	0	1	0	0	0	0
67775	1	0	1	0	0	0	0
67800	1	0	1	0	0	0	0
67825	1	0	1	0	0	0	0
67850	1	0	1	0	0	0	0
67875	1	0	1	0	0	0	0
67900	1	0	1	0	0	0	0
67925	1	0	1	0	0	0	0
67950	1	0	1	0	0	0	0
67975	0	0	1	0	0	0	0
68000	0	0	1	0	0	0	0
68025	1	0	1	0	0	0	0
68050	1	0	1	0	0	0	0
68075	1	0	1	0	0	0	0
68100	0	0	1	0	0	0	0
68125	0	0	1	0	0	0	0
68150	0	0	1	0	0	0	0
68175	0	0	1	0	0	0	0
68200	0	0	1	0	0	0	0
68225	1	0	0	0	0	0	0
68250	1	0	0	0	0	0	0
68275	1	0	0	0	0	0	0
68300	1	0	0	0	0	0	0
68325	1	0	0	0	0	0	0
68350	1	0	0	0	0	0	0
68375	1	0	0	0	0	0	0
68400	1	0	0	0	0	0	0
68425	1	0	0	0	0	0	0
68450	1	0	0	0	0	0	0
68475	1	0	0	0	0	0	0
68500	1	0	0	0	0	0	0
68525	1	0	0	0	0	0	0
68550	1	0	0	0	0	0	0
68575	1	0	0	0	0	0	0
68600	1	0	0	0	0	0	0
68625	1	0	0	0	0	0	0
68650	1	0	0	0	0	0	0
68675	1	0	0	0	0	0	0
68700	1	0	0	0	0	0	0
68725	0	0	0	0	0	0	0
68750	0	0	0	0	0	0	0
68775	0	0	0	0	0	0	0
68800	0	0	1	0	0	0	0
68825	1	0	1	0	0	0	0
68850	1	0	1	0	0	0	0
68875	1	0	1	0	0	0	0
68900	1	0	1	0	0	0	0
68925	1	0	1	0	0	0	0
68950	1	0	1	0	0	0	0
68975	1	0	1	0	0	0	0
69000	1	0	1	0	0	0	0
69025	1	0	1	0	0	0	0
69050	1	0	1	0	0	0	0
69075	1	0	1	0	0	0	0
69100	1	0	1	0	0	0	0
69125	1	0	1	0	0	0	0
69150	1	0	1	0	0	0	0
69175	1	0	1	0	0	0	0
69200	1	0	1	0	0	0	0
69225	1	0	1	0	0	0	0
69250	1	0	1	0	0	0	0
69275	1	0	1	0	0	0	0
69300	1	0	1	0	0	0	0
69325	1	0	1	0	0	0	0
69350	1	0	1	0	0	0	0
69375	1	0	1	0	0	0	0
69400	1	0	1	0	0	0	0
69425	1	0	1	0	0	0	0
69450	1	0	1	0	0	0	0
69475	1	0	0	0	0	0	0
69500	1	0	0	0	0	0	0
69525	0	0	1	0	0	0	0
69550	0	0	1	0	0	0	0
69575	0	0	1	0	0	0	0
69600	0	0	1	0	0	0	0
69625	0	0	1	0	0	0	0
69650	0	0	1	0	0	0	0
69675	0	0	1	0	0	0	0
69700	1	0	1	0	0	0	0
69725	1	0	1	0	0	0	0
69750	1	0	1	0	0	0	0
69775	1	0	1	0	0	0	0
69800	1	0	1	0	0	0	0
69825	1	0	1	0	0	0	0
69850	1	0	1	0	0	0	0
69875	1	0	1	0	0	0	0
69900	1	0	0	0	0	0	0
69925	1	0	0	0	0	0	0
69950	1	0	1	0	0	0	0
69975	1	0	1	0	0	0	0
70000	1	0	1	0	0	0	0
70025	1	0	1	0	0	0	0
70050	1	0	0	0	0	0	0
70075	1	0	0	0	0	0	0
70100	1	0	0	0	0	0	0
70125	1	0	0	0	0	0	0
70150	1	0	0	0	0	0	0
70175	1	0	0	0	0	0	0
70200	1	0	1	0	0	0	0
70225	1	0	1	0	0	0	0
70250	1	0	1	0	0	0	0
70275	1	0	1	0	0	0	0
70300	1	0	1	0	0	0	0
70325	1	0	1	0	0	0	0
70350	1	0	1	0	0	0	0
70375	1	0	1	0	0	0	0
70400	1	0	1	0	0	0	0
70425	1	0	1	0	0	0	0
70450	1	0	1	0	0	0	0
70475	1	0	1	0	0	0	0
70500	1	0	1	0	0	0	0
70525	1	0	1	0	0	0	0
70550	1	0	1	0	0	0	0
70575	1	0	1	0	0	0	0
70600	1	0	1	0	0	0	0
70625	1	0	1	0	0	0	0
70650	1	0	1	0	0	0	0
70675	1	0	1	0	0	0	0
70700	1	0	1	0	0	0	0
70725	1	0	1	0	0	0	0
70750	1	0	1	0	0	0	0
70775	1	0	1	0	0	0	0
70800	1	0	1	0	0	0	0
70825	1	0	1	0	0	0	0
70850	1	0	1	0	0	0	0
70875	1	0	1	0	0	0	0
70900	1	0	1	0	0	0	0
70925	1	0	1	0	0	0	0
70950	1	0	1	0	0	0	0
70975	1	0	1	0	0	0	0
71000	1	0	1	0	0	0	0
71025	1	0	1	0	0	0	0
71050	1	0	1	0	0	0	0
71075	1	0	1	0	0	0	0
71100	1	0	1	0	0	0	0
71125	1	0	1	0	0	0	0
71150	1	0	1	0	0	0	0
71175	1	0	1	0	0	0	0
71200	1	0	1	0	0	0	0
71225	1	0	1	0	0	0	0
71250	1	0	0	0	0	0	0
71275	1	0	0	0	0	0	0
71300	1	0	0	0	0	0	0
71325	1	0	0	0	0	0	0
71350	1	0	0	0	0	0	0
71375	1	0	0	0	0	0	0
71400	1	0	0	0	0	0	0
71425	1	0	1	0	0	0	0
71450	1	0	1	0	0	0	0
71475	1	0	1	0	0	0	0
71500	1	0	1	0	0	0	0
71525	1	0	1	0	0	0	0
71550	1	0	1	0	0	0	0
71575	1	0	1	0	0	0	0
71600	1	0	1	0	0	0	0
71625	0	0	1	0	0	0	0
71650	1	0	1	0	0	0	0
71675	1	0	1	0	0	0	0
71700	1	0	1	0	0	0	0
71725	1	0	1	0	0	0	0
71750	1	0	1	0	0	0	0
71775	1	0	1	0	0	0	0
71800	1	0	0	0	0	0	0
71825	1	0	0	0	0	0	0
71850	1	0	1	0	0	0	0
71875	1	0	1	0	0	0	0
71900	1	0	1	0	0	0	0
71925	1	0	1	0	0	0	0
71950	1	0	1	0	0	0	0
71975	0	0	1	0	0	0	0
72000	0	0	1	0	0	0	0
72025	0	0	1	0	0	0	0
72050	0	0	1	0	0	0	0
72075	0	0	1	0	0	0	0
72100	0	0	1	0	0	0	0
72125	1	0	1	0	0	0	0
72150	1	0	1	0	0	0	0
72175	1	0	1	0	0	0	0
72200	0	0	1	0	0	0	0
72225	0	0	1	0	0	0	0
72250	0	0	1	0	0	0	0
72275	0	0	1	0	0	0	0
72300	0	0	1	0	0	0	0
72325	1	0	1	0	0	0	0
72350	1	0	1	0	0	0	0
72375	1	0	1	0	0	0	0
72400	1	0	1	0	0	0	0
72425	1	0	1	0	0	0	0
72450	1	0	1	0	0	0	0
72475	1	0	1	0	0	0	0
72500	1	0	1	0	0	0	0
72525	1	0	1	0	0	0	0
72550	1	0	1	0	0	0	0
72575	1	0	1	0	0	0	0
72600	1	0	1	0	0	0	0
72625	1	0	1	0	0	0	0
72650	1	0	1	0	0	0	0
72675	1	0	1	0	0	0	0
72700	1	0	0	0	0	0	0
72725	1	0	0	0	0	0	0
72750	1	0	1	0	0	0	0
72775	1	0	1	0	0	0	0
72800	1	0	1	0	0	0	0
72825	1	0	1	0	0	0	0
72850	1	0	1	0	0	0	0
72875	1	0	1	0	0	0	0
72900	1	0	1	0	0	0	0
72925	1	0	1	0	0	0	0
72950	1	0	1	0	0	0	0
72975	1	0	1	0	0	0	0
73000	1	0	1	0	0	0	0
73025	1	0	1	0	0	0	0
73050	1	0	1	0	0	0	0
73075	1	0	1	0	0	0	0
73100	1	0	1	0	0	0	0
73125	1	0	1	0	0	0	0
73150	1	0	1	0	0	0	0
73175	1	0	1	0	0	0	0
73200	1	0	1	0	0	0	0
73225	1	0	1	0	0	0	0
73250	1	0	1	0	0	0	0
73275	1	0	1	0	0	0	0
73300	1	0	1	0	0	0	0
73325	1	0	1	0	0	0	0
73350	1	0	1	0	0	0	0
73375	1	0	1	0	0	0	0
73400	1	0	1	0	0	0	0
73425	1	0	1	0	0	0	0
73450	1	0	1	0	0	0	0
73475	1	0	1	0	0	0	0
73500	1	0	1	0	0	0	0
73525	1	0	1	0	0	0	0
73550	1	0	1	0	0	0	0
73575	1	0	1	0	0	0	0
73600	1	0	1	0	0	0	0
73625	1	0	1	0	0	0	0
73650	1	0	1	0	0	0	0
73675	1	0	1	0	0	0	0
73700	1	0	1	0	0	0	0
73725	1	0	1	0	0	0	0
73750	1	0	1	0	0	0	0
73775	1	0	1	0	0	0	0
73800	1	0	1	0	0	0	0
73825	0	0	1	0	0	0	0
73850	0	0	1	0	0	0	0
73875	0	0	1	0	0	0	0
73900	0	0	1	0	0	0	0
73925	0	0	1	0	0	0	0
73950	0	0	1	0	0	0	0
73975	0	0	1	0	0	0	0
74000	0	0	1	0	0	0	0
74025	0	0	1	0	0	0	0
74050	0	0	1	0	0	0	0
74075	0	0	1	0	0	0	0
74100	0	0	1	0	0	0	0
74125	1	0	1	0	0	0	0
74150	1	0	1	0	0	0	0
74175	1	0	1	0	0	0	0
74200	1	0	1	0	0	0	0
74225	1	0	1	0	0	0	0
74250	1	0	1	0	0	0	0
74275	1	0	1	0	0	0	0
74300	1	0	1	0	0	0	0
74325	1	0	1	0	0	0	0
74350	1	0	1	0	0	0	0
74375	1	0	1	0	0	0	0
74400	1	0	1	0	0	0	0
74425	1	0	1	0	0	0	0
74450	1	0	1	0	0	0	0
74475	1	0	1	0	0	0	0
74500	1	0	1	0	0	0	0
74525	1	0	1	0	0	0	0
74550	1	0	1	0	0	0	0
74575	1	0	1	0	0	0	0
74600	1	0	1	0	0	0	0
74625	1	0	1	0	0	0	0
74650	1	0	1	0	0	0	0
74675	1	0	1	0	0	0	0
74700	1	0	1	0	0	0	0
74725	1	0	1	0	0	0	0
74750	1	0	1	0	0	0	0
74775	1	0	1	0	0	0	0
74800	1	0	1	0	0	0	0
74825	1	0	1	0	0	0	0
74850	1	0	1	0	0	0	0
74875	1	0	1	0	0	0	0
74900	1	0	1	0	0	0	0
74925	1	0	1	0	0	0	0
74950	1	0	1	0	0	0	0
74975	1	0	1	0	0	0	0
75000	1	0	1	0	0	0	0
75025	1	0	1	0	0	0	0
75050	1	0	1	0	0	0	0
75075	1	0	1	0	0	0	0
75100	1	0	1	0	0	0	0
75125	1	0	1	0	0	0	0
75150	1	0	1	0	0	0	0
75175	1	0	1	0	0	0	0
75200	1	0	1	0	0	0	0
75225	1	0	1	0	0	0	0
75250	1	0	1	0	0	0	0
75275	1	0	1	0	0	0	0
75300	1	0	1	0	0	0	0
75325	1	0	1	0	0	0	0
75350	1	0	1	0	0	0	0
75375	1	0	1	0	0	0	0
75400	1	0	1	0	0	0	0
75425	1	0	1	0	0	0	0
75450	1	0	1	0	0	0	0
75475	1	0	1	0	0	0	0
75500	1	0	1	0	0	0	0
75525	1	0	1	0	0	0	0
75550	1	0	1	0	0	0	0
75575	1	0	1	0	0	0	0
75600	1	0	1	0	0	0	0
75625	1	0	1	0	0	0	0
75650	1	0	1	0	0	0	0
75675	1	0	1	0	0	0	0
75700	1	0	1	0	0	0	0
75725	1	0	1	0	0	0	0
75750	1	0	1	0	0	0	0
75775	1	0	1	0	0	0	0
75800	1	0	1	0	0	0	0
75825	1	0	1	0	0	0	0
75850	1	0	1	0	0	0	0
75875	1	0	1	0	0	0	0
75900	1	0	1	0	0	0	0
75925	1	0	1	0	0	0	0
75950	1	0	1	0	0	0	0
75975	1	0	1	0	0	0	0
76000	1	0	1	0	0	0	0
76025	1	0	1	0	0	0	0
76050	1	0	1	0	0	0	0
76075	1	0	1	0	0	0	0
76100	1	0	1	0	0	0	0
76125	1	0	1	0	0	0	0
76150	1	0	1	0	0	0	0
76175	1	0	1	0	0	0	0
76200	1	0	1	0	0	0	0
76225	1	0	1	0	0	0	0
76250	1	0	1	0	0	0	0
76275	1	0	1	0	0	0	0
76300	1	0	1	0	0	0	0
76325	1	0	1	0	0	0	0
76350	1	0	1	0	0	0	0
76375	1	0	1	0	0	0	0
76400	1	0	1	0	0	0	0
76425	1	0	1	0	0	0	0
76450	1	0	1	0	0	0	0
76475	1	0	1	0	0	0	0
76500	1	0	1	0	0	0	0
76525	1	0	1	0	0	0	0
76550	1	0	1	0	0	0	0
76575	1	0	1	0	0	0	0
76600	1	0	1	0	0	0	0
76625	1	0	1	0	0	0	0
76650	1	0	1	0	0	0	0
76675	1	0	1	0	0	0	0
76700	1	0	1	0	0	0	0
76725	1	0	1	0	0	0	0
76750	1	0	1	0	0	0	0
76775	1	0	1	0	0	0	0
76800	1	0	1	0	0	0	0
76825	1	0	1	0	0	0	0
76850	1	0	1	0	0	0	0
76875	1	0	1	0	0	0	0
76900	1	0	1	0	0	0	0
76925	1	0	1	0	0	0	0
76950	1	0	1	0	0	0	0
76975	1	0	1	0	0	0	0
77000	1	0	1	0	0	0	0
77025	1	0	0	0	0	0	0
77050	1	0	0	0	0	0	0
77075	1	0	0	0	0	0	0
77100	1	0	1	0	0	0	0
77125	1	0	1	0	0	0	0
77150	1	0	1	0	0	0	0
77175	1	0	1	0	0	0	0
77200	1	0	0	0	0	0	0
77225	1	0	1	0	0	0	0
77250	1	0	1	0	0	0	0
77275	1	0	1	0	0	0	0
77300	1	0	1	0	0	0	0
77325	1	0	1	0	0	0	0
77350	1	0	1	0	0	0	0
77375	1	0	1	0	0	0	0
77400	1	0	1	0	0	0	0
77425	1	0	1	0	0	0	0
77450	1	0	1	0	0	0	0
77475	1	0	0	0	0	0	0
77500	1	0	0	0	0	0	0
77525	1	0	0	0	0	0	0
77550	1	0	1	0	0	0	0
77575	1	0	1	0	0	0	0
77600	1	0	0	0	0	0	0
77625	1	0	0	0	0	0	0
77650	1	0	1	0	0	0	0
77675	1	0	1	0	0	0	0
77700	1	0	1	0	0	0	0
77725	1	0	1	0	0	0	0
77750	1	0	1	0	0	0	0
77775	1	0	1	0	0	0	0
77800	1	0	1	0	0	0	0
77825	1	0	1	0	0	0	0
77850	1	0	1	0	0	0	0
77875	0	0	1	0	0	0	0
77900	0	0	1	0	0	0	0
77925	0	0	1	0	0	0	0
77950	1	0	1	0	0	0	0
77975	1	0	1	0	0	0	0
78000	1	0	1	0	0	0	0
78025	1	0	1	0	0	0	0
78050	1	0	1	0	0	0	0
78075	0	0	1	0	0	0	0
78100	0	0	1	0	0	0	0
78125	0	0	1	0	0	0	0
78150	0	0	1	0	0	0	0
78175	0	0	1	0	0	0	0
78200	0	0	1	0	0	0	0
78225	0	0	1	0	0	0	0
78250	1	0	1	0	0	0	0
78275	1	0	1	0	0	0	0
78300	0	0	1	0	0	0	0
78325	0	0	1	0	0	0	0
78350	0	0	1	0	0	0	0
78375	1	0	1	0	0	0	0
78400	1	0	1	0	0	0	0
78425	1	0	1	0	0	0	0
78450	1	0	0	0	0	0	0
78475	1	0	0	0	0	0	0
78500	1	0	0	0	0	0	0
78525	1	0	0	0	0	0	0
78550	1	0	1	0	0	0	0
78575	1	0	1	0	0	0	0
78600	1	0	1	0	0	0	0
78625	1	0	1	0	0	0	0
78650	1	0	1	0	0	0	0
78675	1	0	1	0	0	0	0
78700	1	0	1	0	0	0	0
78725	1	0	0	0	0	0	0
78750	1	0	1	0	0	0	0
78775	1	0	1	0	0	0	0
78800	1	0	1	0	0	0	0
78825	1	0	1	0	0	0	0
78850	1	0	1	0	0	0	0
78875	1	0	1	0	0	0	0
78900	1	0	1	0	0	0	0
78925	1	0	1	0	0	0	0
78950	1	0	1	0	0	0	0
78975	1	0	1	0	0	0	0
79000	1	0	1	0	0	0	0
79025	1	0	1	0	0	0	0
79050	1	0	1	0	0	0	0
79075	1	0	1	0	0	0	0
79100	1	0	1	0	0	0	0
79125	1	0	1	0	0	0	0
79150	1	0	1	0	0	0	0
79175	1	0	1	0	0	0	0
79200	1	0	1	0	0	0	0
79225	1	0	1	0	0	0	0
79250	1	0	1	0	0	0	0
79275	1	0	1	0	0	0	0
79300	1	0	1	0	0	0	0
79325	1	0	1	0	0	0	0
79350	1	0	1	0	0	0	0
79375	1	0	1	0	0	0	0
79400	1	0	1	0	0	0	0
79425	1	0	1	0	0	0	0
79450	1	0	1	0	0	0	0
79475	1	0	1	0	0	0	0
79500	1	0	1	0	0	0	0
79525	1	0	1	0	0	0	0
79550	1	0	1	0	0	0	0
79575	1	0	1	0	0	0	0
79600	1	0	1	0	0	0	0
79625	1	0	1	0	0	0	0
79650	1	0	1	0	0	0	0
79675	1	0	1	0	0	0	0
79700	1	0	1	0	0	0	0
79725	1	0	1	0	0	0	0
79750	1	0	1	0	0	0	0
79775	1	0	1	0	0	0	0
79800	1	0	1	0	0	0	0
79825	1	0	1	0	0	0	0
79850	1	0	1	0	0	0	0
79875	1	0	1	0	0	0	0
79900	1	0	1	0	0	0	0
79925	1	0	1	0	0	0	0
79950	1	0	1	0	0	0	0
79975	1	0	1	0	0	0	0
80000	1	0	1	0	0	0	0
80025	1	0	1	0	0	0	0
80050	1	0	1	0	0	0	0
80075	1	0	1	0	0	0	0
80100	1	0	1	0	0	0	0
80125	1	0	1	0	0	0	0
80150	1	0	1	0	0	0	0
80175	1	0	1	0	0	0	0
80200	1	0	1	0	0	0	0
80225	1	0	1	0	0	0	0
80250	1	0	1	0	0	0	0
80275	1	0	1	0	0	0	0
80300	1	0	1	0	0	0	0
80325	1	0	1	0	0	0	0
80350	1	0	1	0	0	0	0
80375	1	0	1	0	0	0	0
80400	1	0	1	0	0	0	0
80425	1	0	1	0	0	0	0
80450	1	0	1	0	0	0	0
80475	1	0	1	0	0	0	0
80500	1	0	1	0	0	0	0
80525	1	0	1	0	0	0	0
80550	1	0	1	0	0	0	0
80575	1	0	1	0	0	0	0
80600	1	0	1	0	0	0	0
80625	1	0	1	0	0	0	0
80650	1	0	1	0	0	0	0
80675	1	0	1	0	0	0	0
80700	1	0	1	0	0	0	0
80725	1	0	1	0	0	0	0
80750	1	0	1	0	0	0	0
80775	1	0	1	0	0	0	0
80800	1	0	1	0	0	0	0
80825	1	0	1	0	0	0	0
80850	1	0	1	0	0	0	0
80875	1	0	1	0	0	0	0
80900	1	0	1	0	0	0	0
80925	1	0	1	0	0	0	0
80950	1	0	1	0	0	0	0
80975	1	0	1	0	0	0	0
81000	1	0	1	0	0	0	0
81025	1	0	1	0	0	0	0
81050	1	0	1	0	0	0	0
81075	0	0	1	0	0	0	0
81100	0	0	1	0	0	0	0
81125	0	0	1	0	0	0	0
81150	0	0	1	0	0	0	0
81175	0	0	1	0	0	0	0
81200	0	0	1	0	0	0	0
81225	0	0	1	0	0	0	0
81250	0	0	1	0	0	0	0
81275	0	0	1	0	0	0	0
81300	0	0	1	0	0	0	0
81325	0	0	1	0	0	0	0
81350	0	0	1	0	0	0	0
81375	0	0	1	0	0	0	0
81400	0	0	1	0	0	0	0
81425	0	0	1	0	0	0	0
81450	0	0	1	0	0	0	0
81475	0	0	1	0	0	0	0
81500	0	0	1	0	0	0	0
81525	0	0	1	0	0	0	0
81550	0	0	1	0	0	0	0
81575	0	0	1	0	0	0	0
81600	0	0	1	0	0	0	0
81625	0	0	1	0	0	0	0
81650	0	0	1	0	0	0	0
81675	0	0	1	0	0	0	0
81700	0	0	1	0	0	0	0
81725	0	0	1	0	0	0	0
81750	0	0	1	0	0	0	0
81775	0	0	1	0	0	0	0
81800	0	0	1	0	0	0	0
81825	0	0	1	0	0	0	0
81850	0	0	1	0	0	0	0
81875	0	0	1	0	0	0	0
81900	0	0	1	0	0	0	0
81925	0	0	1	0	0	0	0
81950	0	0	1	0	0	0	0
81975	0	0	1	0	0	0	0
82000	0	0	1	0	0	0	0
82025	0	0	1	0	0	0	0
82050	0	0	1	0	0	0	0
82075	0	0	1	0	0	0	0
82100	0	0	1	0	0	0	0
82125	0	0	1	0	0	0	0
82150	0	0	1	0	0	0	0
82175	0	0	1	0	0	0	0
82200	0	0	1	0	0	0	0
82225	0	0	1	0	0	0	0
82250	0	0	1	0	0	0	0
82275	0	0	1	0	0	0	0
82300	0	0	1	0	0	0	0
82325	1	0	0	0	0	0	0
82350	1	0	1	0	0	0	0
82375	1	0	1	0	0	0	0
82400	1	0	1	0	0	0	0
82425	1	0	1	0	0	0	0
82450	1	0	1	0	0	0	0
82475	1	0	1	0	0	0	0
82500	1	0	1	0	0	0	0
82525	1	0	1	0	0	0	0
82550	0	0	1	0	0	0	0
82575	1	0	1	0	0	0	0
82600	1	0	1	0	0	0	0
82625	1	0	1	0	0	0	0
82650	1	0	1	0	0	0	0
82675	0	0	1	0	0	0	0
82700	0	0	1	0	0	0	0
82725	0	0	1	0	0	0	0
82750	0	0	1	0	0	0	0
82775	0	0	1	0	0	0	0
82800	0	0	1	0	0	0	0
82825	0	0	1	0	0	0	0
82850	0	0	1	0	0	0	0
82875	0	0	1	0	0	0	0
82900	0	0	1	0	0	0	0
82925	0	0	1	0	0	0	0
82950	0	0	1	0	0	0	0
82975	0	0	1	0	0	0	0
83000	0	0	1	0	0	0	0
83025	0	0	1	0	0	0	0
83050	0	0	1	0	0	0	0
83075	1	0	1	0	0	0	0
83100	0	0	1	0	0	0	0
83125	0	0	1	0	0	0	0
83150	1	0	1	0	0	0	0
83175	1	0	1	0	0	0	0
83200	1	0	1	0	0	0	0
83225	1	0	1	0	0	0	0
83250	1	0	0	0	0	0	0
83275	1	0	1	0	0	0	0
83300	1	0	1	0	0	0	0
83325	1	0	1	0	0	0	0
83350	1	0	1	0	0	0	0
83375	1	0	1	0	0	0	0
83400	1	0	1	0	0	0	0
83425	1	0	1	0	0	0	0
83450	1	0	1	0	0	0	0
83475	1	0	1	0	0	0	0
83500	1	0	1	0	0	0	0
83525	1	0	1	0	0	0	0
83550	1	0	1	0	0	0	0
83575	1	0	1	0	0	0	0
83600	1	0	1	0	0	0	0
83625	0	0	1	0	0	0	0
83650	1	0	1	0	0	0	0
83675	1	0	1	0	0	0	0
83700	1	0	1	0	0	0	0
83725	1	0	1	0	0	0	0
83750	1	0	1	0	0	0	0
83775	1	0	1	0	0	0	0
83800	1	0	1	0	0	0	0
83825	1	0	1	0	0	0	0
83850	1	0	1	0	0	0	0
83875	1	0	1	0	0	0	0
83900	1	0	1	0	0	0	0
83925	1	0	0	0	0	0	0
83950	1	0	0	0	0	0	0
83975	1	0	1	0	0	0	0
84000	1	0	1	0	0	0	0
84025	1	0	1	0	0	0	0
84050	1	0	0	0	0	0	0
84075	1	0	0	0	0	0	0
84100	1	0	0	0	0	0	0
84125	1	0	0	0	0	0	0
84150	1	0	0	0	0	0	0
84175	1	0	0	0	0	0	0
84200	1	0	0	0	0	0	0
84225	1	0	0	0	0	0	0
84250	1	0	0	0	0	0	0
84275	1	0	0	0	0	0	0
84300	1	0	0	0	0	0	0
84325	1	0	0	0	0	0	0
84350	1	0	1	0	0	0	0
84375	0	0	0	0	0	0	0
84400	0	0	0	0	0	0	0
84425	0	0	0	0	0	0	0
84450	1	0	0	0	0	0	0
84475	1	0	0	0	0	0	0
84500	1	0	0	0	0	0	0
84525	1	0	0	0	0	0	0
84550	1	0	0	0	0	0	0
84575	1	0	0	0	0	0	0
84600	1	0	0	0	0	0	0
84625	0	0	0	0	0	0	0
84650	0	0	0	0	0	0	0
84675	1	0	0	0	0	0	0
84700	1	0	0	0	0	0	0
84725	1	0	0	0	0	0	0
84750	1	0	0	0	0	0	0
84775	1	0	0	0	0	0	0
84800	1	0	0	0	0	0	0
84825	0	0	0	0	0	0	0
84850	0	0	0	0	0	0	0
84875	0	0	0	0	0	0	0
84900	1	0	0	0	0	0	0
84925	1	0	0	0	0	0	0
84950	1	0	0	0	0	0	0
84975	1	0	0	0	0	0	0
85000	0	0	0	0	0	0	0
85025	0	0	0	0	0	0	0
85050	0	0	0	0	0	0	0
85075	0	0	0	0	0	0	0
85100	0	0	0	0	0	0	0
85125	0	0	0	0	0	0	0
85150	0	0	0	0	0	0	0
85175	0	0	0	0	0	0	0
85200	1	0	0	0	0	0	0
85225	1	0	0	0	0	0	0
85250	1	0	0	0	0	0	0
85275	0	0	0	0	0	0	0
85300	0	0	0	0	0	0	0
85325	0	0	0	0	0	0	0
85350	0	0	0	0	0	0	0
85375	0	0	0	0	0	0	0
85400	0	0	0	0	0	0	0
85425	0	0	0	0	0	0	0
85450	0	0	0	0	0	0	0
85475	0	0	0	0	0	0	0
85500	0	0	0	0	0	0	0
85525	0	0	0	0	0	0	0
85550	0	0	0	0	0	0	0
85575	0	0	0	0	0	0	0
85600	0	0	0	0	0	0	0
85625	0	0	0	0	0	0	0
85650	0	0	0	0	0	0	0
85675	0	0	0	0	0	0	0
85700	0	0	0	0	0	0	0
85725	0	0	0	0	0	0	0
85750	0	0	0	0	0	0	0
85775	0	0	0	0	0	0	0
85800	1	0	0	0	0	0	0
85825	1	0	0	0	0	0	0
85850	1	0	0	0	0	0	0
85875	1	0	0	0	0	0	0
85900	1	0	0	0	0	0	0
85925	1	0	0	0	0	0	0
85950	1	0	0	0	0	0	0
85975	1	0	0	0	0	0	0
86000	1	0	0	0	0	0	0
86025	1	0	0	0	0	0	0
86050	1	0	0	0	0	0	0
86075	1	0	0	0	0	0	0
86100	1	0	0	0	0	0	0
86125	1	0	0	0	0	0	0
86150	1	0	0	0	0	0	0
86175	1	0	0	0	0	0	0
86200	1	0	0	0	0	0	0
86225	1	0	0	0	0	0	0
86250	1	0	0	0	0	0	0
86275	1	0	0	0	0	0	0
86300	1	0	0	0	0	0	0
86325	1	0	0	0	0	0	0
86350	1	0	0	0	0	0	0
86375	1	0	0	0	0	0	0
86400	1	0	0	0	0	0	0
86425	1	0	0	0	0	0	0
86450	1	0	0	0	0	0	0
86475	0	0	0	0	0	0	0
86500	0	0	0	0	0	0	0
86525	0	0	0	0	0	0	0
86550	0	0	0	0	0	0	0
86575	1	0	0	0	0	0	0
86600	1	0	0	0	0	0	0
86625	1	0	0	0	0	0	0
86650	1	0	0	0	0	0	0
86675	1	0	0	0	0	0	0
86700	1	0	0	0	0	0	0
86725	1	0	0	0	0	0	0
86750	1	0	0	0	0	0	0
86775	1	0	0	0	0	0	0
86800	1	0	0	0	0	0	0
86825	1	0	0	0	0	0	0
86850	1	0	0	0	0	0	0
86875	1	0	0	0	0	0	0
86900	1	0	0	0	0	0	0
86925	1	0	0	0	0	0	0
86950	1	0	0	0	0	0	0
86975	1	0	0	0	0	0	0
87000	1	0	0	0	0	0	0
87025	1	0	0	0	0	0	0
87050	1	0	0	0	0	0	0
87075	1	0	0	0	0	0	0
87100	1	0	0	0	0	0	0
87125	1	0	0	0	0	0	0
87150	1	0	0	0	0	0	0
87175	1	0	0	0	0	0	0
87200	1	0	0	0	0	0	0
87225	1	0	0	0	0	0	0
87250	1	0	0	0	0	0	0
87275	1	0	0	0	0	0	0
87300	1	0	0	0	0	0	0
87325	1	0	0	0	0	0	0
87350	1	0	0	0	0	0	0
87375	1	0	0	0	0	0	0
87400	1	0	0	0	0	0	0
87425	1	0	0	0	0	0	0
87450	1	0	0	0	0	0	0
87475	1	0	0	0	0	0	0
87500	1	0	0	0	0	0	0
87525	1	0	0	0	0	0	0
87550	1	0	0	0	0	0	0
87575	1	0	0	0	0	0	0
87600	1	0	0	0	0	0	0
87625	1	0	0	0	0	0	0
87650	1	0	0	0	0	0	0
87675	1	0	0	0	0	0	0
87700	1	0	0	0	0	0	0
87725	1	0	0	0	0	0	0
87750	1	0	0	0	0	0	0
87775	1	0	0	0	0	0	0
87800	1	0	0	0	0	0	0
87825	1	0	0	0	0	0	0
87850	1	0	0	0	0	0	0
87875	1	0	0	0	0	0	0
87900	1	0	0	0	0	0	0
87925	1	0	0	0	0	0	0
87950	1	0	0	0	0	0	0
87975	1	0	0	0	0	0	0
88000	1	0	0	0	0	0	0
88025	1	0	0	0	0	0	0
88050	1	0	0	0	0	0	0
88075	1	0	0	0	0	0	0
88100	1	0	0	0	0	0	0
88125	1	0	0	0	0	0	0
88150	1	0	0	0	0	0	0
88175	1	0	0	0	0	0	0
88200	1	0	0	0	0	0	0
88225	1	0	0	0	0	0	0
88250	1	0	0	0	0	0	0
88275	1	0	0	0	0	0	0
88300	1	0	0	0	0	0	0
88325	1	0	0	0	0	0	0
88350	1	0	0	0	0	0	0
88375	1	0	0	0	0	0	0
88400	1	0	0	0	0	0	0
88425	1	0	0	0	0	0	0
88450	1	0	0	0	0	0	0
88475	1	0	0	0	0	0	0
88500	1	0	0	0	0	0	0
88525	1	0	0	0	0	0	0
88550	0	0	0	0	0	0	0
88575	1	0	0	0	0	0	0
88600	1	0	0	0	0	0	0
88625	1	0	0	0	0	0	0
88650	1	0	0	0	0	0	0
88675	1	0	0	0	0	0	0
88700	0	0	0	0	0	0	0
88725	0	0	0	0	0	0	0
88750	0	0	0	0	0	0	0
88775	0	0	0	0	0	0	0
88800	0	0	0	0	0	0	0
88825	0	0	0	0	0	0	0
88850	0	0	0	0	0	0	0
88875	0	0	0	0	0	0	0
88900	0	0	0	0	0	0	0
88925	1	0	0	0	0	0	0
88950	1	0	0	0	0	0	0
88975	1	0	0	0	0	0	0
89000	0	0	0	0	0	0	0
89025	0	0	0	0	0	0	0
89050	0	0	0	0	0	0	0
89075	0	0	0	0	0	0	0
89100	0	0	0	0	0	0	0
89125	0	0	0	0	0	0	0
89150	0	0	0	0	0	0	0
89175	0	0	0	0	0	0	0
89200	0	0	0	0	0	0	0
89225	0	0	0	0	0	0	0
89250	0	0	0	0	0	0	0
89275	0	0	0	0	0	0	0
89300	0	0	0	0	0	0	0
89325	0	0	0	0	0	0	0
89350	0	0	0	0	0	0	0
89375	0	0	1	0	0	0	0
89400	1	0	1	0	0	0	0
89425	1	0	0	0	0	0	0
89450	1	0	0	0	0	0	0
89475	0	0	0	0	0	0	0
89500	0	0	0	0	0	0	0
89525	0	0	0	0	0	0	0
89550	0	0	0	0	0	0	0
89575	0	0	0	0	0	0	0
89600	0	0	0	0	0	0	0
89625	0	0	0	0	0	0	0
89650	0	0	0	0	0	0	0
89675	0	0	0	0	0	0	0
89700	0	0	0	0	0	0	0
89725	0	0	0	0	0	0	0
89750	0	0	0	0	0	0	0
89775	0	0	0	0	0	0	0
89800	0	0	0	0	0	0	0
89825	0	0	0	0	0	0	0
89850	0	0	0	0	0	0	0
89875	0	0	0	0	0	0	0
89900	0	0	0	0	0	0	0
89925	0	0	0	0	0	0	0
89950	0	0	0	0	0	0	0
89975	0	0	0	0	0	0	0
90000	0	0	0	0	0	0	0
90025	0	0	0	0	0	0	0
90050	0	0	0	0	0	0	0
90075	0	0	0	0	0	0	0
90100	0	0	0	0	0	0	0
90125	0	0	0	0	0	0	0
90150	0	0	0	0	0	0	0
90175	0	0	0	0	0	0	0
90200	0	0	0	0	0	0	0
90225	0	0	0	0	0	0	0
90250	0	0	0	0	0	0	0
90275	0	0	0	0	0	0	0
90300	0	0	0	0	0	0	0
90325	0	0	0	0	0	0	0
90350	0	0	0	0	0	0	0
90375	0	0	0	0	0	0	0
90400	0	0	0	0	0	0	0
90425	0	0	0	0	0	0	0
90450	0	0	0	0	0	0	0
90475	0	0	0	0	0	0	0
90500	0	0	0	0	0	0	0
90525	0	0	0	0	0	0	0
90550	0	0	0	0	0	0	0
90575	0	0	0	0	0	0	0
90600	0	0	0	0	0	0	0
90625	0	0	0	0	0	0	0
90650	0	0	0	0	0	0	0
90675	0	0	0	0	0	0	0
90700	0	0	1	0	0	0	0
90725	0	0	0	0	0	0	0
90750	0	0	0	0	0	0	0
90775	0	0	0	0	0	0	0
90800	1	0	0	0	0	0	0
90825	0	0	0	0	0	0	0
90850	0	0	0	0	0	0	0
90875	1	0	0	0	0	0	0
90900	1	0	0	0	0	0	0
90925	1	0	0	0	0	0	0
90950	1	0	0	0	0	0	0
90975	0	0	1	0	0	0	0
91000	0	0	1	0	0	0	0
91025	1	0	1	0	0	0	0
91050	1	0	1	0	0	0	0
91075	0	0	1	0	0	0	0
91100	0	0	1	0	0	0	0
91125	0	0	1	0	0	0	0
91150	0	0	1	0	0	0	0
91175	0	0	1	0	0	0	0
91200	0	0	1	0	0	0	0
91225	0	0	1	0	0	0	0
91250	0	0	1	0	0	0	0
91275	0	0	1	0	0	0	0
91300	0	0	1	0	0	0	0
91325	0	0	1	0	0	0	0
91350	0	0	1	0	0	0	0
91375	1	0	1	0	0	0	0
91400	0	0	1	0	0	0	0
91425	0	0	1	0	0	0	0
91450	0	0	1	0	0	0	0
91475	0	0	1	0	0	0	0
91500	0	0	1	0	0	0	0
91525	0	0	1	0	0	0	0
91550	0	0	1	0	0	0	0
91575	0	0	1	0	0	0	0
91600	0	0	1	0	0	0	0
91625	1	0	1	0	0	0	0
91650	1	0	1	0	0	0	0
91675	1	0	1	0	0	0	0
91700	1	0	1	0	0	0	0
91725	1	0	1	0	0	0	0
91750	1	0	1	0	0	0	0
91775	1	0	1	0	0	0	0
91800	1	0	1	0	0	0	0
91825	1	0	1	0	0	0	0
91850	1	0	1	0	0	0	0
91875	1	0	1	0	0	0	0
91900	1	0	1	0	0	0	0
91925	1	0	1	0	0	0	0
91950	1	0	1	0	0	0	0
91975	0	0	1	0	0	0	0
92000	0	0	1	0	0	0	0
92025	0	0	1	0	0	0	0
92050	0	0	1	0	0	0	0
92075	0	0	1	0	0	0	0
92100	0	0	1	0	0	0	0
92125	0	0	1	0	0	0	0
92150	0	0	1	0	0	0	0
92175	0	0	1	0	0	0	0
92200	0	0	1	0	0	0	0
92225	0	0	1	0	0	0	0
92250	0	0	1	0	0	0	0
92275	0	0	1	0	0	0	0
92300	0	0	1	0	0	0	0
92325	0	0	1	0	0	0	0
92350	0	0	1	0	0	0	0
92375	0	0	1	0	0	0	0
92400	0	0	1	0	0	0	0
92425	0	0	1	0	0	0	0
92450	0	0	1	0	0	0	0
92475	0	0	1	0	0	0	0
92500	0	0	1	0	0	0	0
92525	0	0	1	0	0	0	0
92550	0	0	1	0	0	0	0
92575	0	0	1	0	0	0	0
92600	0	0	1	0	0	0	0
92625	0	0	1	0	0	0	0
92650	0	0	1	0	0	0	0
92675	0	0	1	0	0	0	0
92700	0	0	1	0	0	0	0
92725	0	0	1	0	0	0	0
92750	0	0	1	0	0	0	0
92775	0	0	1	0	0	0	0
92800	0	0	1	0	0	0	0
92825	0	0	1	0	0	0	0
92850	0	0	1	0	0	0	0
92875	0	0	1	0	0	0	0
92900	1	0	1	0	0	0	0
92925	1	0	1	0	0	0	0
92950	1	0	1	0	0	0	0
92975	1	0	1	0	0	0	0
93000	1	0	1	0	0	0	0
93025	1	0	1	0	0	0	0
93050	0	0	0	0	0	0	0
93075	0	0	0	0	0	0	0
93100	0	0	0	0	0	0	0
93125	0	0	0	0	0	0	0
93150	0	0	0	0	0	0	0
93175	0	0	0	0	0	0	0
93200	0	0	0	0	0	0	0
93225	1	0	1	0	0	0	0
93250	0	0	1	0	0	0	0
93275	0	0	0	0	0	0	0
93300	0	0	0	0	0	0	0
93325	0	0	0	0	0	0	0
93350	0	0	0	0	0	0	0
93375	0	0	0	0	0	0	0
93400	0	0	0	0	0	0	0
93425	0	0	0	0	0	0	0
93450	0	0	0	0	0	0	0
93475	0	0	0	0	0	0	0
93500	0	0	0	0	0	0	0
93525	0	0	0	0	0	0	0
93550	0	0	0	0	0	0	0
93575	0	0	0	0	0	0	0
93600	0	0	0	0	0	0	0
93625	0	0	0	0	0	0	0
93650	0	0	1	0	0	0	0
93675	1	0	0	0	0	0	0
93700	1	0	0	0	0	0	0
93725	1	0	1	0	0	0	0
93750	1	0	1	0	0	0	0
93775	1	0	1	0	0	0	0
93800	1	0	1	0	0	0	0
93825	1	0	1	0	0	0	0
93850	1	0	1	0	0	0	0
93875	1	0	1	0	0	0	0
93900	1	0	1	0	0	0	0
93925	1	0	1	0	0	0	0
93950	1	0	0	0	0	0	0
93975	1	0	0	0	0	0	0
94000	1	0	1	0	0	0	0
94025	0	0	1	0	0	0	0
94050	0	0	1	0	0	0	0
94075	0	0	1	0	0	0	0
94100	0	0	1	0	0	0	0
94125	0	0	1	0	0	0	0
94150	0	0	1	0	0	0	0
94175	1	0	0	0	0	0	0
94200	1	0	1	0	0	0	0
94225	1	0	0	0	0	0	0
94250	0	0	0	0	0	0	0
94275	0	0	1	0	0	0	0
94300	0	0	1	0	0	0	0
94325	0	0	1	0	0	0	0
94350	0	0	1	0	0	0	0
94375	0	0	1	0	0	0	0
94400	0	0	1	0	0	0	0
94425	0	0	1	0	0	0	0
94450	1	0	1	0	0	0	0
94475	1	0	1	0	0	0	0
94500	1	0	1	0	0	0	0
94525	1	0	1	0	0	0	0
94550	1	0	1	0	0	0	0
94575	1	0	1	0	0	0	0
94600	1	0	1	0	0	0	0
94625	1	0	1	0	0	0	0
94650	1	0	1	0	0	0	0
94675	1	0	1	0	0	0	0
94700	1	0	1	0	0	0	0
94725	1	0	1	0	0	0	0
94750	1	0	1	0	0	0	0
94775	1	0	1	0	0	0	0
94800	1	0	1	0	0	0	0
94825	1	0	1	0	0	0	0
94850	1	0	1	0	0	0	0
94875	1	0	1	0	0	0	0
94900	1	0	1	0	0	0	0
94925	1	0	0	0	0	0	0
94950	1	0	0	0	0	0	0
94975	1	0	0	0	0	0	0
95000	1	0	0	0	0	0	0
95025	1	0	0	0	0	0	0
95050	1	0	0	0	0	0	0
95075	1	0	0	0	0	0	0
95100	1	0	0	0	0	0	0
95125	1	0	0	0	0	0	0
95150	0	0	0	0	0	0	0
95175	0	0	0	0	0	0	0
95200	0	0	0	0	0	0	0
95225	0	0	0	0	0	0	0
95250	0	0	0	0	0	0	0
95275	0	0	0	0	0	0	0
95300	0	0	0	0	0	0	0
95325	0	0	0	0	0	0	0
95350	0	0	0	0	0	0	0
95375	0	0	0	0	0	0	0
95400	1	0	0	0	0	0	0
95425	1	0	0	0	0	0	0
95450	1	0	0	0	0	0	0
95475	0	0	0	0	0	0	0
95500	0	0	0	0	0	0	0
95525	0	0	0	0	0	0	0
95550	0	0	0	0	0	0	0
95575	0	0	0	0	0	0	0
95600	1	0	1	0	0	0	0
95625	0	0	1	0	0	0	0
95650	1	0	1	0	0	0	0
95675	0	0	0	0	0	0	0
95700	0	0	0	0	0	0	0
95725	0	0	0	0	0	0	0
95750	0	0	0	0	0	0	0
95775	0	0	0	0	0	0	0
95800	0	0	0	0	0	0	0
95825	0	0	0	0	0	0	0
95850	0	0	0	0	0	0	0
95875	0	0	0	0	0	0	0
95900	0	0	0	0	0	0	0
95925	0	0	0	0	0	0	0
95950	0	0	0	0	0	0	0
95975	0	0	0	0	0	0	0
96000	0	0	0	0	0	0	0
96025	0	0	0	0	0	0	0
96050	0	0	0	0	0	0	0
96075	0	0	0	0	0	0	0
96100	0	0	0	0	0	0	0
96125	0	0	0	0	0	0	0
96150	0	0	0	0	0	0	0
96175	0	0	0	0	0	0	0
96200	0	0	0	0	0	0	0
96225	0	0	0	0	0	0	0
96250	0	0	0	0	0	0	0
96275	0	0	0	0	0	0	0
96300	0	0	0	0	0	0	0
96325	0	0	0	0	0	0	0
96350	0	0	0	0	0	0	0
96375	0	0	0	0	0	0	0
96400	0	0	0	0	0	0	0
96425	0	0	0	0	0	0	0
96450	0	0	0	0	0	0	0
96475	0	0	0	0	0	0	0
96500	0	0	0	0	0	0	0
96525	0	0	0	0	0	0	0
96550	0	0	0	0	0	0	0
96575	0	0	0	0	0	0	0
96600	0	0	0	0	0	0	0
96625	0	0	0	0	0	0	0
96650	0	0	0	0	0	0	0
96675	0	0	0	0	0	0	0
96700	0	0	0	0	0	0	0
96725	0	0	0	0	0	0	0
96750	0	0	0	0	0	0	0
96775	0	0	0	0	0	0	0
96800	0	0	0	0	0	0	0
96825	0	0	0	0	0	0	0
96850	0	0	0	0	0	0	0
96875	0	0	0	0	0	0	0
96900	0	0	0	0	0	0	0
96925	0	0	0	0	0	0	0
96950	1	0	0	0	0	0	0
96975	1	0	0	0	0	0	0
97000	1	0	0	0	0	0	0
97025	1	0	0	0	0	0	0
97050	1	0	0	0	0	0	0
97075	1	0	0	0	0	0	0
97100	1	0	1	0	0	0	0
97125	1	0	1	0	0	0	0
97150	1	0	1	0	0	0	0
97175	1	0	1	0	0	0	0
97200	1	0	1	0	0	0	0
97225	1	0	1	0	0	0	0
97250	1	0	1	0	0	0	0
97275	1	0	1	0	0	0	0
97300	1	0	1	0	0	0	0
97325	1	0	1	0	0	0	0
97350	0	0	0	0	0	0	0
97375	0	0	0	0	0	0	0
97400	0	0	0	0	0	0	0
97425	0	0	0	0	0	0	0
97450	0	0	0	0	0	0	0
97475	0	0	0	0	0	0	0
97500	0	0	0	0	0	0	0
97525	0	0	0	0	0	0	0
97550	0	0	0	0	0	0	0
97575	0	0	0	0	0	0	0
97600	1	0	0	0	0	0	0
97625	1	0	0	0	0	0	0
97650	1	0	1	0	0	0	0
97675	1	0	1	0	0	0	0
97700	1	0	1	0	0	0	0
97725	1	0	1	0	0	0	0
97750	1	0	1	0	0	0	0
97775	0	0	1	0	0	0	0
97800	0	0	1	0	0	0	0
97825	0	0	1	0	0	0	0
97850	0	0	1	0	0	0	0
97875	0	0	1	0	0	0	0
97900	0	0	1	0	0	0	0
97925	0	0	1	0	0	0	0
97950	0	0	1	0	0	0	0
97975	0	0	1	0	0	0	0
98000	0	0	1	0	0	0	0
98025	0	0	1	0	0	0	0
98050	0	0	1	0	0	0	0
98075	0	0	1	0	0	0	0
98100	0	0	1	0	0	0	0
98125	0	0	1	0	0	0	0
98150	0	0	1	0	0	0	0
98175	0	0	1	0	0	0	0
98200	0	0	1	0	0	0	0
98225	0	0	1	0	0	0	0
98250	0	0	1	0	0	0	0
98275	0	0	1	0	0	0	0
98300	0	0	1	0	0	0	0
98325	0	0	1	0	0	0	0
98350	0	0	1	0	0	0	0
98375	1	0	1	0	0	0	0
98400	1	0	1	0	0	0	0
98425	1	0	1	0	0	0	0
98450	1	0	1	0	0	0	0
98475	1	0	1	0	0	0	0
98500	1	0	1	0	0	0	0
98525	1	0	1	0	0	0	0
98550	1	0	1	0	0	0	0
98575	1	0	1	0	0	0	0
98600	1	0	1	0	0	0	0
98625	1	0	1	0	0	0	0
98650	1	0	1	0	0	0	0
98675	1	0	1	0	0	0	0
98700	1	0	1	0	0	0	0
98725	1	0	1	0	0	0	0
98750	1	0	1	0	0	0	0
98775	1	0	1	0	0	0	0
98800	1	0	1	0	0	0	0
98825	1	0	1	0	0	0	0
98850	1	0	1	0	0	0	0
98875	1	0	1	0	0	0	0
98900	1	0	1	0	0	0	0
98925	1	0	1	0	0	0	0
98950	1	0	1	0	0	0	0
98975	1	0	1	0	0	0	0
99000	1	0	1	0	0	0	0
99025	1	0	1	0	0	0	0
99050	1	0	1	0	0	0	0
99075	1	0	1	0	0	0	0
99100	0	0	1	0	0	0	0
99125	0	0	1	0	0	0	0
99150	0	0	1	0	0	0	0
99175	0	0	1	0	0	0	0
99200	0	0	1	0	0	0	0
99225	0	0	1	0	0	0	0
99250	0	0	1	0	0	0	0
99275	0	0	1	0	0	0	0
99300	0	0	1	0	0	0	0
99325	0	0	1	0	0	0	0
99350	0	0	1	0	0	0	0
99375	0	0	1	0	0	0	0
99400	0	0	1	0	0	0	0
99425	0	0	1	0	0	0	0
99450	0	0	1	0	0	0	0
99475	0	0	1	0	0	0	0
99500	0	0	1	0	0	0	0
99525	0	0	1	0	0	0	0
99550	0	0	1	0	0	0	0
99575	0	0	1	0	0	0	0
99600	0	0	1	0	0	0	0
99625	0	0	1	0	0	0	0
99650	0	0	1	0	0	0	0
99675	0	0	1	0	0	0	0
99700	0	0	1	0	0	0	0
99725	0	0	1	0	0	0	0
99750	0	0	1	0	0	0	0
99775	0	0	1	0	0	0	0
99800	0	0	1	0	0	0	0
99825	0	0	1	0	0	0	0
99850	0	0	1	0	0	0	0
99875	0	0	1	0	0	0	0
99900	0	0	1	0	0	0	0
99925	0	0	1	0	0	0	0
99950	0	0	1	0	0	0	0
99975	0	0	1	0	0	0	0
100000	0	0	1	0	0	0	0
100025	0	0	1	0	0	0	0
100050	0	0	1	0	0	0	0
100075	0	0	1	0	0	0	0
100100	0	0	1	0	0	0	0
100125	0	0	1	0	0	0	0
100150	0	0	1	0	0	0	0
100175	1	0	1	0	0	0	0
100200	1	0	1	0	0	0	0
100225	1	0	1	0	0	0	0
100250	1	0	1	0	0	0	0
100275	0	0	1	0	0	0	0
100300	1	0	1	0	0	0	0
100325	1	0	0	0	0	0	0
100350	1	0	0	0	0	0	0
100375	1	0	0	0	0	0	0
100400	1	0	0	0	0	0	0
100425	0	0	0	0	0	0	0
100450	0	0	0	0	0	0	0
100475	0	0	0	0	0	0	0
100500	0	0	0	0	0	0	0
100525	1	0	0	0	0	0	0
100550	1	0	0	0	0	0	0
100575	0	0	0	0	0	0	0
100600	1	0	0	0	0	0	0
100625	1	0	0	0	0	0	0
100650	0	0	0	0	0	0	0
100675	0	0	0	0	0	0	0
100700	0	0	0	0	0	0	0
100725	0	0	0	0	0	0	0
100750	0	0	0	0	0	0	0
100775	0	0	0	0	0	0	0
100800	0	0	0	0	0	0	0
100825	0	0	0	0	0	0	0
100850	1	0	0	0	0	0	0
100875	1	0	0	0	0	0	0
100900	1	0	0	0	0	0	0
100925	1	0	0	0	0	0	0
100950	1	0	0	0	0	0	0
100975	1	0	0	0	0	0	0
101000	1	0	0	0	0	0	0
101025	1	0	0	0	0	0	0
101050	1	0	0	0	0	0	0
101075	1	0	0	0	0	0	0
101100	1	0	0	0	0	0	0
101125	1	0	0	0	0	0	0
101150	1	0	1	0	0	0	0
101175	1	0	1	0	0	0	0
101200	1	0	1	0	0	0	0
101225	1	0	1	0	0	0	0
101250	1	0	1	0	0	0	0
101275	1	0	1	0	0	0	0
101300	1	0	1	0	0	0	0
101325	1	0	1	0	0	0	0
101350	1	0	1	0	0	0	0
101375	1	0	1	0	0	0	0
101400	1	0	1	0	0	0	0
101425	1	0	1	0	0	0	0
101450	1	0	1	0	0	0	0
101475	1	0	1	0	0	0	0
101500	1	0	1	0	0	0	0
101525	1	0	0	0	0	0	0
101550	1	0	0	0	0	0	0
101575	1	0	0	0	0	0	0
101600	1	0	1	0	0	0	0
101625	1	0	1	0	0	0	0
101650	1	0	1	0	0	0	0
101675	1	0	1	0	0	0	0
101700	1	0	1	0	0	0	0
101725	1	0	1	0	0	0	0
101750	1	0	1	0	0	0	0
101775	1	0	1	0	0	0	0
101800	1	0	1	0	0	0	0
101825	1	0	1	0	0	0	0
101850	1	0	1	0	0	0	0
101875	1	0	1	0	0	0	0
101900	1	0	1	0	0	0	0
101925	1	0	1	0	0	0	0
101950	1	0	0	0	0	0	0
101975	1	0	0	0	0	0	0
102000	1	0	0	0	0	0	0
102025	1	0	0	0	0	0	0
102050	1	0	0	0	0	0	0
102075	1	0	0	0	0	0	0
102100	1	0	0	0	0	0	0
102125	1	0	0	0	0	0	0
102150	1	0	0	0	0	0	0
102175	1	0	1	0	0	0	0
102200	1	0	1	0	0	0	0
102225	1	0	1	0	0	0	0
102250	1	0	1	0	0	0	0
102275	1	0	1	0	0	0	0
102300	1	0	1	0	0	0	0
102325	1	0	1	0	0	0	0
102350	1	0	1	0	0	0	0
102375	1	0	1	0	0	0	0
102400	1	0	1	0	0	0	0
102425	1	0	1	0	0	0	0
102450	1	0	1	0	0	0	0
102475	1	0	1	0	0	0	0
102500	1	0	1	0	0	0	0
102525	1	0	1	0	0	0	0
102550	1	0	1	0	0	0	0
102575	1	0	1	0	0	0	0
102600	1	0	1	0	0	0	0
102625	1	0	1	0	0	0	0
102650	1	0	1	0	0	0	0
102675	1	0	1	0	0	0	0
102700	1	0	1	0	0	0	0
102725	1	0	1	0	0	0	0
102750	1	0	1	0	0	0	0
102775	1	0	1	0	0	0	0
102800	1	0	1	0	0	0	0
102825	1	0	1	0	0	0	0
102850	1	0	1	0	0	0	0
102875	1	0	1	0	0	0	0
102900	1	0	1	0	0	0	0
102925	1	0	1	0	0	0	0
102950	1	0	1	0	0	0	0
102975	1	0	1	0	0	0	0
103000	1	0	1	0	0	0	0
103025	1	0	1	0	0	0	0
103050	1	0	1	0	0	0	0
103075	1	0	1	0	0	0	0
103100	1	0	1	0	0	0	0
103125	1	0	1	0	0	0	0
103150	1	0	1	0	0	0	0
103175	1	0	1	0	0	0	0
103200	1	0	1	0	0	0	0
103225	1	0	1	0	0	0	0
103250	1	0	1	0	0	0	0
103275	1	0	1	0	0	0	0
103300	1	0	1	0	0	0	0
103325	1	0	1	0	0	0	0
103350	1	0	1	0	0	0	0
103375	1	0	1	0	0	0	0
103400	1	0	1	0	0	0	0
103425	0	0	1	0	0	0	0
103450	0	0	1	0	0	0	0
103475	0	0	0	0	0	0	0
103500	0	0	0	0	0	0	0
103525	0	0	0	0	0	0	0
103550	0	0	0	0	0	0	0
103575	0	0	0	0	0	0	0
103600	0	0	0	0	0	0	0
103625	0	0	0	0	0	0	0
103650	0	0	0	0	0	0	0
103675	0	0	0	0	0	0	0
103700	0	0	0	0	0	0	0
103725	0	0	0	0	0	0	0
103750	0	0	0	0	0	0	0
103775	0	0	0	0	0	0	0
103800	0	0	0	0	0	0	0
103825	0	0	0	0	0	0	0
103850	0	0	0	0	0	0	0
103875	0	0	0	0	0	0	0
103900	0	0	0	0	0	0	0
103925	0	0	0	0	0	0	0
103950	0	0	0	0	0	0	0
103975	0	0	0	0	0	0	0
104000	0	0	0	0	0	0	0
104025	0	0	0	0	0	0	0
104050	0	0	0	0	0	0	0
104075	0	0	0	0	0	0	0
104100	0	0	0	0	0	0	0
104125	0	0	0	0	0	0	0
104150	0	0	0	0	0	0	0
104175	0	0	0	0	0	0	0
104200	0	0	0	0	0	0	0
104225	0	0	0	0	0	0	0
104250	0	0	0	0	0	0	0
104275	0	0	0	0	0	0	0
104300	0	0	0	0	0	0	0
104325	0	0	0	0	0	0	0
104350	0	0	0	0	0	0	0
104375	0	0	0	0	0	0	0
104400	0	0	0	0	0	0	0
104425	0	0	0	0	0	0	0
104450	0	0	0	0	0	0	1
104475	1	0	0	0	0	0	1
104500	1	0	0	0	0	0	1
104525	1	0	0	0	0	0	1
104550	1	0	0	0	0	0	1
104575	1	0	0	0	0	0	1
104600	1	0	0	0	0	0	1
104625	1	0	0	0	0	0	1
104650	1	0	0	0	0	0	1
104675	1	0	0	0	0	0	1
104700	1	0	0	0	0	0	1
104725	1	0	0	0	0	0	1
104750	1	0	0	0	0	0	1
104775	1	0	0	0	0	0	1
104800	1	0	0	0	0	0	1
104825	1	0	0	0	0	0	1
104850	1	0	0	0	0	0	1
104875	1	0	0	0	0	0	1
104900	1	0	0	0	0	0	1
104925	1	0	0	0	0	0	1
104950	1	0	0	0	0	0	1
104975	1	0	0	0	0	0	1
105000	1	0	0	0	0	0	1
105025	1	0	0	0	0	0	1
105050	1	0	0	0	0	0	1
105075	1	0	0	0	0	0	1
105100	1	0	0	0	0	0	1
105125	1	0	0	0	0	0	1
105150	1	0	0	0	0	0	1
105175	1	0	0	0	0	0	1
105200	1	0	0	0	0	0	1
105225	1	0	0	0	0	0	1
105250	1	0	0	0	0	0	1
105275	1	0	0	0	0	0	1
105300	1	0	0	0	0	0	1
105325	1	0	0	0	0	0	1
105350	1	0	0	0	0	0	1
105375	1	0	0	0	0	0	1
105400	1	0	0	0	0	0	1
105425	1	0	0	0	0	0	1
105450	1	0	0	0	0	0	1
105475	1	0	0	0	0	0	1
105500	1	0	0	0	0	0	1
105525	1	0	0	0	0	0	1
105550	1	0	0	0	0	0	1
105575	1	0	0	0	0	0	1
105600	1	0	0	0	0	0	1
105625	1	0	0	0	0	0	1
105650	1	0	0	0	0	0	1
105675	1	0	0	0	0	0	1
105700	1	0	0	0	0	0	1
105725	1	0	0	0	0	0	1
105750	1	0	0	0	0	0	1
105775	1	0	0	0	0	0	1
105800	1	0	0	0	0	0	1
105825	1	0	0	0	0	0	1
105850	1	0	0	0	0	0	1
105875	1	0	0	0	0	0	1
105900	1	0	0	0	0	0	1
105925	1	0	0	0	0	0	1
105950	1	0	0	0	0	0	1
105975	1	0	0	0	0	0	1
106000	1	0	0	0	0	0	1
106025	1	0	0	0	0	0	1
106050	1	0	0	0	0	0	1
106075	1	0	0	0	0	0	1
106100	1	0	0	0	0	0	1
106125	0	0	0	0	0	0	1
106150	0	0	0	0	0	0	1
106175	0	0	0	0	0	0	1
106200	0	0	0	0	0	0	1
106225	0	0	0	0	0	0	1
106250	0	0	0	0	0	0	1
106275	0	0	0	0	0	0	1
106300	0	0	0	0	0	0	1
106325	0	0	0	0	0	0	1
106350	0	0	0	0	0	0	1
106375	0	0	0	0	0	0	1
106400	0	1	0	0	0	0	1
106425	0	1	0	0	0	0	1
106450	1	1	0	0	0	0	1
106475	1	1	0	0	0	0	1
106500	1	1	0	0	0	0	1
106525	1	1	0	0	0	0	1
106550	1	1	0	0	0	0	1
106575	1	1	0	0	0	0	1
106600	1	1	0	0	0	0	1
106625	1	1	0	0	0	0	1
106650	1	1	0	0	0	0	1
106675	1	1	0	0	0	0	1
106700	1	1	0	0	0	0	1
106725	1	1	0	0	0	0	1
106750	1	1	0	0	0	0	1
106775	1	1	0	0	0	0	1
106800	1	1	0	0	0	0	1
106825	1	1	0	0	0	0	1
106850	1	1	0	0	0	0	1
106875	1	1	0	0	0	0	1
106900	1	1	0	0	0	0	1
106925	1	1	0	0	0	0	1
106950	1	1	0	0	0	0	1
106975	1	1	0	0	0	0	1
107000	1	1	0	0	0	0	1
107025	1	1	0	0	0	0	1
107050	1	1	0	0	0	0	1
107075	1	1	0	0	0	0	1
107100	1	1	0	0	0	0	1
107125	1	1	0	0	0	0	1
107150	1	1	0	0	0	0	1
107175	1	1	0	0	0	0	1
107200	1	1	0	0	0	0	1
107225	1	1	0	0	0	0	1
107250	1	1	0	0	0	0	1
107275	1	1	0	0	0	0	1
107300	1	1	0	0	0	0	1
107325	0	0	0	0	0	0	1
107350	1	1	0	0	0	0	1
107375	1	1	0	0	0	0	1
107400	1	1	0	0	0	0	1
107425	1	1	0	0	0	0	1
107450	1	1	0	0	0	0	1
107475	1	1	0	0	0	0	1
107500	1	1	0	0	0	0	1
107525	1	1	0	0	0	0	1
107550	1	1	0	0	0	0	1
107575	1	1	0	0	0	0	1
107600	1	1	0	0	0	0	1
107625	1	1	0	0	0	0	1
107650	1	0	0	0	0	0	1
107675	1	1	0	0	0	0	0
107700	0	1	0	0	0	0	0
107725	0	0	0	0	0	0	0
107750	1	0	0	0	0	0	0
107775	1	0	0	0	0	0	0
107800	1	0	0	0	0	0	1
107825	1	0	0	0	0	0	1
107850	0	0	0	0	0	0	1
107875	0	0	0	0	0	0	1
107900	0	0	0	0	0	0	1
107925	1	0	0	0	0	0	0
107950	0	0	0	0	0	0	0
107975	0	0	0	0	0	0	0
108000	0	0	0	0	0	0	0
108025	0	0	0	0	0	0	0
108050	0	0	0	0	0	0	0
108075	0	0	0	0	0	0	0
108100	0	0	0	0	0	0	0
108125	0	0	0	0	0	0	0
108150	0	0	0	0	0	0	0
108175	0	0	0	0	0	0	0
108200	0	0	0	0	0	0	0
108225	0	0	0	0	0	0	1
108250	0	0	0	0	0	0	1
108275	0	0	0	0	0	0	0
108300	0	0	0	0	0	0	0
108325	0	0	0	0	0	0	0
108350	0	0	0	0	0	0	0
108375	0	0	0	0	0	0	1
108400	0	0	0	0	0	0	1
108425	0	0	0	0	0	0	0
108450	0	0	0	0	0	0	0
108475	0	0	0	0	0	0	0
108500	0	0	0	0	0	0	0
108525	0	0	0	0	0	0	0
108550	0	0	0	0	0	0	0
108575	0	0	0	0	0	0	0
108600	0	0	0	0	0	0	0
108625	0	0	0	0	0	0	0
108650	0	0	0	0	0	0	0
108675	0	0	0	0	0	0	0
108700	0	0	0	0	0	0	0
108725	0	0	0	0	0	0	0
108750	0	0	0	0	0	0	0
108775	0	0	0	0	0	0	0
108800	0	0	0	0	0	0	0
108825	0	0	0	0	0	0	0
108850	0	0	0	0	0	0	0
108875	0	0	0	0	0	0	0
108900	0	0	0	0	0	0	0
108925	0	0	0	0	0	0	0
108950	0	0	0	0	0	0	0
108975	0	0	0	0	0	0	1
109000	0	0	0	0	0	0	1
109025	0	0	0	0	0	0	1
109050	0	0	0	0	0	0	0
109075	0	0	0	0	0	0	0
109100	0	0	0	0	0	0	0
109125	0	0	0	0	0	0	0
109150	0	0	0	0	0	0	0
109175	0	0	0	0	0	0	0
109200	0	0	0	0	0	0	0
109225	0	0	0	0	0	0	0
109250	0	0	0	0	0	0	0
109275	0	0	0	0	0	0	0
109300	0	0	0	0	0	0	0
109325	0	0	0	0	0	0	0
109350	0	0	0	0	0	0	0
109375	0	0	0	0	0	0	0
109400	0	0	0	0	0	0	0
109425	0	0	0	0	0	0	0
109450	0	0	0	0	0	0	0
109475	0	0	0	0	0	0	0
109500	0	0	0	0	0	0	0
109525	0	0	0	0	0	0	0
109550	0	0	0	0	0	0	0
109575	0	0	0	0	0	0	0
109600	0	0	0	0	0	0	0
109625	0	0	0	0	0	0	0
109650	0	0	0	0	0	0	0
109675	0	0	0	0	0	0	0
109700	0	0	0	0	0	0	0
109725	0	0	0	0	0	0	0
109750	0	0	0	0	0	0	0
109775	0	0	0	0	0	0	0
109800	0	0	0	0	0	0	0
109825	0	0	0	0	0	0	0
109850	1	0	0	0	0	0	0
109875	1	0	0	0	0	0	0
109900	1	0	0	0	0	0	0
109925	0	0	0	0	0	0	0
109950	0	0	0	0	0	0	0
109975	0	0	0	0	0	0	0
110000	0	0	0	0	0	0	0
110025	0	0	0	0	0	0	0
110050	1	0	0	0	0	0	0
110075	1	0	0	0	0	0	0
110100	1	0	0	0	0	0	0
110125	1	0	0	0	0	0	0
110150	1	0	0	0	0	0	0
110175	1	0	0	0	0	0	0
110200	1	0	0	0	0	0	0
